1	2 0 2617 1 1 3 1
3	2 0 2219 2 1 3 0
4	2 0 2686 2 3 1 0
6	1 1 1446 2 1 1 0
7	2 0 1309 1 1 2 0
9	2 1 2451 2 1 2 0
12	1 0 1451 2 1 2 0
14	2 0 1454 2 3 2 0
15	2 0 2603 2 3 2 0
18	2 0 1560 1 1 3 0
19	1 0 1855 1 1 3 1
20	2 0 2657 2 1 1 0
21	2 0 1756 2 1 2 0
25	2 0 2424 1 1 2 0
27	2 1 2258 1 1 3 1
30	2 0 2662 2 2 2 0
41	1 0 1823 2 3 2 0
44	2 0 2253 1 2 3 1
45	2 1 2622 2 1 2 0
48	1 0 1844 2 1 2 0
49	2 1 2469 NA 1 1 1
51	2 1 2137 2 1 2 0
52	2 0 2089 2 1 1 0
53	2 1 1949 1 1 3 1
54	2 0 1295 2 1 2 1
55	1 0 2304 2 1 4 1
56	2 0 1946 1 1 2 1
58	1 0 2348 2 3 3 0
60	2 1 1917 2 3 3 1
61	2 0 2263 2 2 3 0
62	2 0 1338 2 1 3 0
63	2 0 1550 2 1 2 0
64	2 0 1558 2 1 1 0
65	2 1 1929 1 1 1 0
66	1 0 1469 2 1 3 0
67	1 0 2171 2 3 3 0
68	1 0 1421 2 1 2 0
69	1 0 1939 2 1 2 0
71	2 1 1677 1 1 2 0
75	2 1 2239 1 1 2 1
76	1 0 1891 1 1 2 1
77	2 1 2472 NA 1 4 0
78	2 1 2718 2 1 1 0
79	2 1 2640 2 2 3 0
83	2 0 1882 2 3 3 0
84	2 0 1882 2 3 3 0
86	2 0 1412 1 1 2 0
87	1 0 1779 1 1 3 0
88	2 1 1465 1 1 2 0
93	2 0 2519 2 1 3 0
97	1 0 1663 1 2 4 0
99	2 0 2696 2 2 3 1
101	2 1 2370 1 1 2 0
102	1 NA 2695 2 1 2 0
108	1 0 2063 1 2 2 0
109	2 1 2618 2 3 4 0
110	1 0 1964 2 1 3 0
111	1 0 2620 NA 1 3 1
112	2 0 1928 2 1 2 0
113	2 0 2474 1 1 2 0
114	2 0 1888 1 1 2 0
117	1 1 2334 1 1 3 0
118	2 1 1920 1 1 2 0
120	2 0 2230 1 1 2 1
122	2 0 2198 2 1 2 0
123	1 0 2607 2 2 2 1
124	2 1 1979 1 1 2 0
125	1 0 2615 2 NA 2 0
126	2 0 1597 2 1 2 0
127	2 0 1713 1 1 1 0
133	2 0 2368 2 1 1 0
134	2 0 1963 2 1 2 0
135	2 0 1666 2 2 1 0
143	1 0 1564 2 1 2 0
145	2 1 1721 2 3 3 1
146	2 1 2182 1 1 3 1
147	2 0 2670 1 2 2 0
148	2 0 1638 2 1 2 0
149	1 0 1487 2 1 3 0
153	1 0 1866 2 1 1 0
156	2 0 2181 2 1 2 0
158	2 1 2057 2 1 3 0
160	2 1 1877 2 3 2 0
161	1 0 1831 NA 1 2 0
164	2 1 1445 1 1 2 0
165	2 0 1566 2 1 1 0
167	2 1 1894 1 1 2 1
168	1 0 2490 2 3 1 0
172	2 0 1655 2 1 2 0
173	2 1 2400 2 3 1 0
174	2 0 2576 2 1 2 0
176	1 1 1979 1 1 3 0
181	2 1 1584 1 1 2 0
182	1 0 1552 2 3 2 0
186	2 0 2630 1 1 2 1
190	2 0 2214 2 2 3 0
191	2 0 1540 2 3 1 0
193	2 0 2653 2 1 2 0
195	2 0 1545 2 1 2 0
197	1 0 1423 2 1 2 1
198	1 0 2281 2 1 3 0
199	2 1 2144 1 1 3 0
201	2 1 2198 1 1 2 0
202	1 0 2355 1 1 2 0
203	2 0 1492 2 2 2 0
205	2 0 1888 2 3 4 0
206	2 0 2211 2 1 2 0
209	2 0 2554 1 1 2 0
212	2 0 2663 2 NA 4 0
214	2 0 2242 2 1 2 1
215	2 0 2510 1 1 2 0
218	2 0 2647 NA 1 2 0
220	2 1 2635 1 1 3 0
222	2 1 2302 1 1 2 0
224	2 1 1911 2 1 3 0
227	2 0 2661 1 1 1 0
230	2 0 2139 2 1 3 0
231	2 0 1546 2 1 2 0
232	2 1 1927 1 1 2 1
233	2 0 1660 1 1 3 0
235	1 0 2324 1 1 3 0
236	1 0 2069 2 1 2 1
240	2 0 2704 1 1 2 1
241	2 1 1588 2 1 2 0
246	2 1 2260 2 1 2 1
247	1 0 1502 NA 2 3 0
249	2 1 1971 2 1 1 1
252	1 0 1560 2 1 3 0
255	2 1 2662 2 1 1 0
256	1 0 1518 2 1 3 0
257	1 0 2586 2 1 3 0
259	2 0 2139 1 1 2 0
260	2 0 2340 1 1 2 0
261	2 1 2260 1 1 2 0
262	1 1 1489 1 1 2 0
263	2 1 2235 2 3 2 0
264	2 0 2197 2 2 2 0
269	2 0 1576 2 3 3 0
270	1 0 1615 2 1 2 0
272	1 0 1709 2 3 2 0
273	2 0 2640 2 2 2 0
274	1 0 1950 1 NA 2 1
277	2 1 2504 2 1 3 0
278	1 1 1420 NA 1 2 0
279	2 0 1900 2 1 3 0
280	2 0 2655 2 1 3 0
282	2 0 1828 1 1 1 0
285	1 0 1577 NA 1 2 0
287	2 1 1575 2 1 3 0
288	2 0 2706 1 1 3 0
289	1 0 1471 1 1 3 0
294	1 0 1581 2 2 2 0
295	2 1 1920 1 1 3 1
296	2 0 1944 2 3 3 1
298	1 0 1922 NA 1 2 0
299	2 0 1959 1 1 3 0
300	2 1 1923 1 1 3 0
302	2 1 2568 NA 1 3 0
303	2 0 2010 1 2 2 0
304	2 1 1870 2 NA 3 0
305	2 1 2234 1 1 3 0
306	2 1 2655 2 1 3 1
309	2 0 1893 1 1 2 0
310	2 1 2618 NA 1 2 0
311	2 0 2731 2 1 3 1
312	2 0 1441 NA 1 2 0
313	2 0 2706 1 1 2 0
316	2 0 2559 1 1 2 1
318	2 0 1444 2 1 1 1
320	2 0 1931 2 1 3 0
321	2 1 1814 2 1 2 1
326	1 0 3348 2 3 2 0
328	1 1 2674 1 1 2 1
329	2 0 1837 1 1 2 0
331	1 0 2556 2 1 2 0
336	2 0 1597 1 1 3 0
337	2 0 2615 1 1 2 0
338	2 0 2095 NA 2 2 0
339	1 0 1689 2 1 3 0
346	2 0 2558 2 1 3 0
349	2 0 2288 2 2 4 0
351	2 0 1902 2 1 2 1
352	2 0 2491 2 1 2 0
354	2 0 2283 2 1 3 0
355	2 1 2463 1 1 1 0
356	1 0 2367 NA 1 2 0
358	2 0 1905 NA 1 3 0
359	2 1 2254 2 2 2 0
360	1 0 2248 2 1 4 0
362	2 0 2540 2 1 3 0
363	1 0 2358 2 1 3 0
364	1 0 1945 NA 1 3 0
365	2 0 2205 2 1 2 1
366	2 0 2455 1 1 3 0
367	2 1 2183 NA 1 2 0
368	1 0 1555 1 2 3 0
369	1 0 1524 1 2 3 0
370	2 1 1887 1 1 1 0
372	2 0 2348 1 2 1 0
374	2 1 1696 1 1 3 0
375	1 0 1944 NA 1 3 1
377	1 0 2430 1 1 2 1
378	2 0 2462 2 3 4 0
379	2 1 2304 NA 1 3 0
380	2 1 2298 2 3 3 1
381	2 0 2210 2 1 1 0
383	2 0 1895 2 1 3 0
386	2 0 1903 2 1 3 0
387	2 0 1932 1 1 2 1
388	2 0 1868 1 3 3 0
389	1 0 1917 1 3 2 0
390	2 0 2696 NA 1 2 0
391	2 0 1804 1 1 2 0
392	1 1 1864 2 NA 1 0
393	2 1 2520 1 1 2 0
394	2 0 1636 NA 1 3 0
395	2 0 1592 2 1 3 0
397	1 0 2585 2 3 4 0
399	2 0 1665 2 1 2 0
400	2 0 1828 1 1 2 0
401	2 0 1476 1 1 2 0
402	2 0 1344 1 1 2 0
403	2 0 2274 2 1 3 0
404	2 0 1447 2 2 2 0
405	1 0 2109 2 1 2 1
406	2 0 2299 2 3 1 0
407	1 0 2623 2 1 4 0
409	2 0 2577 2 1 3 0
412	2 0 2560 2 3 4 0
413	2 1 2168 1 1 3 1
415	2 0 2722 NA 1 2 0
416	2 1 2317 1 1 2 0
417	1 0 1378 2 1 2 0
418	2 0 1524 2 1 1 0
419	2 0 1472 NA 1 1 0
420	2 0 1408 NA 1 3 0
424	2 1 2437 NA 2 4 1
425	2 0 1599 2 2 1 0
428	2 0 1459 1 1 3 0
429	1 0 2717 1 1 3 1
430	2 0 2416 2 2 1 1
431	2 0 1440 1 2 2 0
432	2 0 2285 1 1 2 0
434	2 0 1671 2 2 3 0
435	1 0 1899 2 1 3 0
436	2 0 2266 1 3 1 0
437	2 1 2661 2 1 2 1
438	1 0 1515 2 3 2 0
439	1 0 2606 1 1 3 0
441	2 0 1784 2 1 3 0
444	2 0 2734 2 NA 1 0
447	2 1 1502 1 1 2 0
448	2 0 2065 2 3 1 0
449	1 1 1539 2 1 2 0
450	2 0 2592 1 3 3 0
451	2 0 2466 2 1 3 0
452	2 0 1287 2 1 2 0
453	1 0 2580 NA 3 2 0
456	2 0 1818 1 1 1 0
460	1 1 1516 2 1 2 0
461	2 1 2604 1 1 2 0
464	2 0 2615 NA 3 1 0
468	1 0 1748 2 1 2 0
469	2 0 1458 1 1 3 0
470	2 0 1537 2 3 3 1
473	2 0 1760 2 1 3 0
475	1 0 1935 2 NA 2 0
477	2 1 2222 1 3 2 0
478	2 0 1756 1 1 1 0
480	1 1 2233 2 1 2 0
481	2 1 2213 2 1 2 0
483	2 1 2737 1 1 3 1
484	2 0 1802 1 1 2 1
487	2 0 2233 2 3 2 0
488	2 1 2547 NA 3 1 0
490	2 0 1421 2 1 2 0
493	1 0 2253 2 1 2 0
495	2 0 1582 2 1 2 0
499	2 0 2379 2 NA 2 0
503	2 0 1647 1 1 3 0
505	1 0 2452 2 3 4 0
506	1 0 1745 2 3 3 0
507	2 1 2010 1 1 2 1
509	2 0 2401 2 1 3 0
511	2 0 2538 1 1 1 0
512	2 0 1391 1 2 3 0
515	2 0 1886 1 1 3 0
517	1 0 1699 1 2 4 0
519	2 0 2460 1 1 2 0
520	1 0 2646 2 1 3 0
521	2 0 1993 1 1 2 0
522	2 0 1808 2 3 2 0
523	2 0 1802 2 1 2 0
525	2 1 1962 1 1 1 0
528	1 0 1374 1 1 1 0
530	2 1 2676 1 1 1 1
532	2 0 1578 1 1 4 0
533	1 1 2722 1 1 3 0
534	2 0 1518 2 1 2 0
537	2 0 2637 1 1 3 0
539	2 0 2357 2 1 3 0
541	2 0 1678 1 1 2 0
545	2 1 2491 1 1 1 0
546	2 1 1471 1 1 3 1
547	2 1 2490 1 1 2 0
548	1 0 1541 1 1 2 0
552	1 0 1494 1 1 2 1
555	2 0 2619 1 1 2 0
558	2 1 1597 2 1 2 0
561	2 0 1968 2 1 3 0
564	2 1 2118 2 1 1 0
566	2 1 2522 1 1 1 0
567	2 0 1512 2 1 2 0
569	2 0 1425 2 1 2 0
570	1 0 2434 1 3 3 0
572	2 1 1587 2 1 4 0
573	1 1 1569 1 1 1 0
574	2 1 2375 1 1 1 0
577	2 0 2231 1 1 2 0
578	2 0 1763 1 1 3 1
579	2 0 1924 2 1 2 0
581	NA 1 2131 1 1 2 0
582	2 0 2034 1 1 2 0
584	2 1 2093 1 1 2 0
585	2 0 2129 1 1 2 0
586	2 0 1920 1 1 1 0
587	1 0 2371 1 1 2 1
588	2 1 2461 1 1 2 0
589	2 0 1780 2 1 2 0
590	1 0 1622 1 1 2 0
591	2 0 2668 1 1 3 0
593	2 0 2152 1 1 3 0
595	2 0 1754 2 3 2 0
596	2 1 2056 1 1 2 0
598	2 0 2199 1 1 2 0
600	1 0 2229 1 1 2 1
601	2 0 2684 2 3 2 0
606	1 0 1465 2 1 2 0
607	2 1 1913 2 1 4 0
608	2 0 2307 2 3 1 0
609	1 0 1779 2 1 3 0
610	2 0 1899 1 1 3 0
611	2 0 1855 2 1 1 0
612	2 0 1411 1 3 2 0
614	1 0 2662 2 3 1 0
615	2 0 2253 1 1 3 0
616	2 0 1994 1 1 1 0
617	2 1 2607 1 1 3 0
618	2 1 2580 1 1 2 0
619	1 0 2281 2 3 4 0
622	2 0 1750 2 1 3 0
623	2 0 2586 2 1 2 0
624	2 1 1966 1 1 3 0
625	2 0 1765 NA 1 2 0
626	2 0 2662 1 2 3 0
627	2 1 2310 1 1 2 1
628	1 0 2224 2 1 2 0
629	2 0 1562 2 1 3 0
631	2 0 1447 2 1 2 0
634	1 1 2224 1 1 2 1
636	2 0 2175 2 1 2 0
639	2 0 1708 2 1 2 0
640	2 0 1765 1 1 3 0
641	2 1 1923 1 1 2 0
643	1 0 1861 1 1 1 1
644	1 0 1804 2 1 1 0
645	2 0 2646 2 1 2 0
647	2 0 2461 1 NA 2 0
648	2 1 2204 1 1 3 0
649	2 0 2141 1 1 4 0
650	2 0 1941 NA 2 2 0
651	2 1 1465 1 1 2 0
652	1 0 1806 1 3 3 0
653	1 0 1304 1 1 2 0
654	1 0 1932 2 3 2 0
656	2 1 2261 1 1 2 0
657	2 1 2639 2 1 2 1
658	2 1 2535 1 1 3 1
659	2 0 1780 2 1 3 0
661	2 0 2539 1 1 3 0
663	1 0 1939 2 2 2 0
664	2 0 1483 2 3 1 0
665	2 1 2092 1 1 3 0
666	2 1 1441 NA 2 1 0
667	2 0 2234 1 1 3 0
668	1 1 2706 1 1 2 0
670	1 0 1552 2 1 2 0
672	2 1 1868 1 1 2 0
673	2 0 1736 1 1 3 0
674	1 0 2556 1 1 2 0
676	2 0 2635 1 1 2 0
677	1 0 2624 1 1 1 0
678	1 0 1909 NA 1 2 1
680	2 0 1710 2 1 2 0
681	2 0 2679 1 1 2 1
682	1 1 1976 1 1 3 1
683	1 1 1392 1 1 2 1
684	2 0 2607 2 3 1 0
685	2 1 2643 1 1 3 0
686	2 0 2466 1 1 1 0
687	2 0 1965 2 1 2 0
688	2 0 1766 2 1 3 1
689	2 0 1731 1 1 2 0
690	2 0 2713 1 1 3 0
692	2 0 2246 1 1 1 0
693	2 0 1399 1 1 2 0
694	2 1 2477 2 1 3 0
696	2 0 2346 2 1 3 0
698	1 0 1895 2 3 2 0
701	2 0 1311 1 1 2 0
702	2 0 2507 2 1 2 0
703	2 0 1651 1 1 2 1
704	2 1 2574 2 NA 2 0
705	1 0 2274 NA 1 3 0
706	1 0 2288 1 1 1 0
708	2 0 1803 1 1 2 0
709	2 0 1783 2 1 2 0
712	2 0 1989 NA 1 3 0
714	1 0 2297 2 1 2 0
718	2 0 1906 1 1 2 0
719	1 0 1947 1 1 2 0
720	2 0 2569 1 1 1 0
721	2 0 1695 2 NA 2 0
722	2 1 2262 1 1 3 0
725	2 0 2597 2 1 1 0
726	2 0 2627 1 1 1 1
727	2 0 1785 1 1 2 0
728	2 0 1403 1 1 1 1
729	2 0 1396 2 1 2 0
731	2 1 1905 1 1 2 1
732	1 0 1324 1 1 3 0
733	2 0 1491 1 1 2 0
734	2 1 2125 1 1 2 0
735	2 0 2009 1 1 2 0
737	1 0 1464 2 1 2 0
738	2 0 1907 1 1 1 0
739	2 0 2219 1 1 2 0
740	1 0 2607 2 1 2 0
742	2 0 1558 2 1 4 0
743	2 0 2648 1 1 2 1
745	2 0 1919 1 2 1 0
746	2 0 1354 1 1 2 0
747	2 1 2223 1 1 2 1
748	2 1 2715 1 1 2 0
749	2 0 1354 1 1 1 0
750	1 0 2254 1 2 2 0
751	2 1 2680 1 1 3 0
753	1 0 1338 2 1 4 1
754	2 0 2543 NA 2 2 0
755	2 0 1499 1 1 1 0
756	2 0 1320 1 1 3 0
757	1 0 1406 2 1 3 0
758	2 0 1945 NA 1 2 0
760	2 1 2727 2 1 2 0
761	2 0 1505 1 2 2 0
763	2 0 1824 1 1 2 0
764	2 0 1909 2 1 3 0
767	2 0 1790 NA 1 3 0
769	2 0 2418 1 1 2 0
774	1 0 1485 1 1 3 0
775	2 0 1628 1 1 2 0
776	2 1 2633 1 1 2 1
777	1 1 2327 NA 1 1 0
778	1 0 1488 2 1 2 0
779	2 1 2379 1 1 1 0
782	2 0 2170 2 1 2 0
783	2 1 2523 1 1 1 0
785	1 0 1505 2 1 2 0
787	2 0 2284 1 1 1 0
788	2 0 2284 NA 1 4 0
789	2 0 2070 2 3 1 0
790	1 0 1639 2 1 4 0
791	1 0 1389 NA 1 3 0
792	2 0 1876 2 1 2 0
793	2 0 2576 2 NA 4 0
794	2 0 1476 1 1 1 0
795	2 0 1376 2 3 2 0
796	2 0 2100 1 3 3 0
797	2 1 2401 1 1 1 1
798	2 1 2219 1 2 2 0
799	2 1 2237 NA 1 1 1
800	2 0 2548 2 1 2 0
801	1 0 2705 1 1 2 1
802	1 0 2374 1 1 1 1
803	1 0 2475 1 3 2 0
804	2 1 1601 1 1 2 0
805	1 0 2201 NA 1 3 1
806	2 0 1725 1 1 1 0
809	2 0 2230 2 1 3 0
810	2 1 1924 2 1 2 0
813	2 0 1862 2 1 1 0
814	1 0 2610 2 3 1 0
815	2 1 2557 2 1 2 0
816	2 0 2449 1 1 3 0
817	2 0 2294 2 1 3 0
818	2 0 2641 1 1 1 1
819	1 0 2627 2 1 2 0
820	2 0 2335 2 1 2 1
821	1 0 1839 2 1 2 0
822	1 0 1501 2 1 3 0
823	2 0 1657 1 1 1 0
824	1 0 1488 2 1 2 0
827	1 0 1423 1 1 2 0
832	2 0 1707 1 1 2 0
834	1 0 1991 1 1 3 1
835	1 0 1918 2 3 4 0
837	2 1 2578 1 1 3 0
838	2 0 2556 1 1 3 0
839	2 1 2607 1 1 2 1
840	2 1 2503 2 1 4 0
841	2 1 1809 1 1 2 0
842	2 0 1617 1 1 2 1
845	2 0 2267 2 1 2 0
846	2 0 1806 1 1 3 1
847	2 0 2120 2 1 2 0
848	2 1 2550 2 3 1 0
849	2 1 2669 1 1 3 1
850	2 1 2687 1 1 2 0
851	2 0 2445 1 1 2 0
852	2 0 1542 NA 1 3 0
853	2 0 2268 2 2 2 0
854	2 0 2263 2 1 3 0
856	1 0 1446 NA 1 3 0
859	2 0 2179 1 1 2 0
860	2 0 2338 2 1 2 0
861	2 0 2292 1 3 1 0
864	2 0 1810 NA 1 3 0
865	2 0 1306 NA 1 4 0
868	2 0 1381 1 2 3 0
869	2 0 2512 2 2 3 0
870	1 0 2294 1 1 4 0
871	2 0 2447 1 1 2 0
872	1 0 2444 1 1 2 0
873	2 0 2244 1 1 3 0
875	2 1 2081 1 1 2 0
877	2 1 2231 1 1 2 1
878	1 0 2152 NA 1 2 0
879	1 0 999 2 3 3 0
880	2 0 1594 2 1 2 0
881	2 1 2464 1 1 2 0
882	1 0 2412 1 2 3 0
883	1 0 1815 2 1 2 0
884	2 0 1905 1 1 2 0
886	2 0 1711 1 1 2 0
889	2 1 2142 1 1 2 0
890	2 0 2343 1 1 3 0
892	1 1 2638 NA 1 3 0
893	1 0 1360 NA 1 3 0
894	2 1 2659 2 1 3 0
895	2 0 2258 2 1 2 0
896	2 0 2265 2 1 2 0
901	1 0 1517 2 3 2 0
902	2 0 1703 1 1 1 1
903	1 0 1871 2 2 3 0
904	2 0 2452 2 1 2 0
905	1 0 1786 NA 1 2 0
908	1 0 1890 1 1 3 0
909	2 0 1488 NA 1 2 0
912	1 0 1427 2 1 1 1
913	2 1 2070 1 1 2 0
914	2 0 1504 1 1 2 1
915	2 0 2196 1 1 4 1
916	1 1 1889 1 1 3 1
917	2 0 1447 2 1 2 0
918	2 1 1847 2 1 3 0
920	2 1 2386 1 2 3 0
921	2 0 2286 NA 1 2 0
924	2 1 1421 NA 1 2 0
925	2 0 2305 1 1 2 0
926	1 0 2141 2 2 4 0
927	2 0 1575 1 1 2 0
928	2 1 2228 NA 1 2 0
930	2 1 2591 2 1 1 0
931	2 0 2587 2 3 1 0
932	2 0 1786 1 1 2 0
934	2 0 2288 2 1 4 0
936	2 0 1904 2 3 1 0
938	2 0 1494 1 1 2 0
940	2 1 2651 1 1 1 0
942	2 0 1584 2 3 3 0
943	2 1 2582 1 1 2 1
948	2 0 1376 2 3 1 0
949	2 1 2597 NA 1 2 1
950	2 0 1685 2 2 3 0
951	1 0 1852 1 2 2 0
952	1 1 1901 1 1 2 0
953	2 0 1886 1 1 3 1
954	2 0 1536 2 3 4 0
955	1 0 2612 2 1 3 0
958	2 1 1738 1 1 1 1
960	2 0 2130 1 2 2 0
963	2 1 2553 1 1 1 0
964	2 0 1496 2 3 3 0
965	1 1 1742 1 1 2 1
966	1 0 1317 2 2 2 0
967	2 0 1817 2 2 3 0
969	2 1 2289 2 1 3 0
970	1 1 2372 1 1 3 0
971	2 1 1946 2 1 3 0
972	2 0 2468 2 1 2 0
973	2 0 1427 1 1 1 0
974	2 1 1646 2 1 4 0
977	2 0 1870 1 1 1 1
978	2 0 2135 1 1 2 0
979	2 1 2565 2 1 2 1
981	1 0 2632 1 1 2 0
982	2 0 2240 2 1 2 0
984	1 0 1798 2 1 2 0
985	2 0 2263 1 1 3 1
986	2 0 1377 1 3 2 0
987	2 1 1573 2 1 1 0
988	2 0 1531 2 2 2 0
989	2 1 1538 1 1 3 0
991	2 1 2575 1 1 3 0
992	2 1 2457 1 1 3 0
994	2 0 1502 1 1 3 0
995	2 0 1836 1 1 2 0
996	2 0 1499 1 1 2 0
997	1 0 1402 1 1 3 0
998	2 1 1882 1 1 2 0
1001	2 0 1998 2 1 4 0
1004	1 0 2670 NA 1 3 0
1005	2 0 2622 2 1 3 0
1006	2 0 1822 2 1 2 1
1009	2 1 2380 1 1 2 0
1014	2 0 2659 1 1 1 1
1016	2 0 2700 2 1 4 0
1017	2 0 1372 1 1 2 0
1020	1 1 2367 2 3 3 0
1021	1 0 2337 2 1 3 0
1024	2 0 2267 1 1 1 0
1027	2 0 2497 2 2 3 0
1028	2 0 2463 NA 1 3 0
1032	2 0 2667 1 1 3 0
1033	1 0 2649 1 1 3 1
1036	2 0 1454 1 1 2 0
1037	1 0 1935 2 3 2 1
1038	2 1 2505 1 1 1 0
1039	2 0 1568 2 1 3 0
1041	2 0 1853 2 1 1 0
1043	2 0 2194 NA 1 1 0
1044	2 1 2602 2 1 2 0
1045	1 0 1608 1 1 2 0
1048	2 0 2645 NA 1 4 0
1049	2 1 2353 2 1 2 0
1050	2 0 2390 1 1 1 0
1051	2 1 2682 1 1 2 0
1052	2 1 2693 2 1 2 1
1054	2 0 2234 1 1 2 0
1055	2 1 2372 1 1 2 0
1056	2 0 2386 1 1 1 0
1057	2 1 2164 1 1 2 0
1058	2 0 1770 1 1 3 0
1060	2 0 1434 NA 1 2 0
1061	2 0 1639 2 1 2 0
1062	1 0 1863 2 1 2 1
1063	2 0 1699 1 1 3 0
1064	2 0 1580 2 1 2 0
1065	2 0 1302 1 1 2 0
1066	2 1 2524 2 1 3 0
1069	2 0 1560 NA 1 NA 0
1074	2 1 1915 1 1 2 0
1075	2 0 2665 2 1 1 0
1076	2 0 2428 1 1 3 0
1081	2 1 2245 1 1 1 0
1083	2 0 2487 2 1 2 0
1085	2 0 1790 1 1 2 0
1089	1 1 2048 1 1 2 0
1092	2 0 1656 2 1 2 0
1093	2 0 2501 2 1 2 0
1094	2 0 1794 1 1 2 0
1096	1 0 2390 2 1 2 0
1099	2 0 1507 2 1 3 0
1101	1 0 1939 2 1 1 0
1103	1 0 2260 2 1 2 0
1106	2 1 1897 2 1 3 0
1112	2 0 2074 NA 1 2 0
1113	2 0 1727 1 1 2 1
1117	2 0 2729 2 1 2 0
1118	2 0 1451 NA 1 2 0
1119	2 0 1763 1 1 2 1
1123	2 0 1503 2 1 2 0
1125	2 0 2441 1 1 2 1
1126	2 0 2258 2 NA 2 0
1128	2 0 1817 2 1 2 0
1129	1 0 2423 2 2 1 0
1131	2 0 1913 2 1 3 0
1132	2 0 2179 1 1 2 0
1133	2 0 1532 1 1 3 0
1134	2 0 1432 1 1 2 0
1135	2 0 2625 2 NA 2 0
1136	1 0 2579 2 2 2 1
1137	2 0 1362 1 NA 1 0
1138	2 0 2144 NA 1 2 0
1140	2 0 2276 1 1 2 0
1141	1 0 2485 1 1 2 0
1142	1 0 2659 2 3 2 0
1143	2 0 2210 1 1 2 0
1146	2 1 2601 1 1 1 1
1149	2 0 1820 2 1 1 0
1150	1 0 2610 2 1 3 0
1152	1 0 2094 1 1 2 0
1154	2 1 2617 1 1 2 0
1156	2 0 1733 1 1 1 0
1158	2 1 2482 1 2 1 0
1162	1 0 2204 2 1 1 0
1170	2 0 2052 1 1 2 1
1173	2 0 1759 1 2 3 0
1174	2 1 2285 1 1 3 0
1176	2 0 2311 2 1 2 0
1177	1 1 1821 1 1 2 0
1178	2 0 2132 2 1 2 0
1180	1 0 2285 2 1 2 1
1182	1 0 1885 2 2 4 0
1184	1 0 2506 1 1 2 0
1187	2 0 1903 1 1 3 0
1188	2 0 2194 2 1 NA 0
1190	2 0 2576 2 1 1 1
1191	2 0 1961 1 2 4 0
1192	1 0 2593 1 1 3 0
1193	2 1 2075 1 1 1 1
1195	2 1 2310 NA 3 3 0
1196	1 0 1477 1 1 3 1
1197	2 1 2727 2 1 1 0
1199	2 0 2171 NA 1 3 0
1200	2 0 1493 1 2 1 0
1204	2 0 1872 2 1 1 1
1205	2 NA 2138 NA 1 2 0
1207	2 1 1924 2 1 2 0
1209	2 1 2342 2 1 4 0
1212	2 1 1663 1 1 2 0
1213	2 1 2649 1 1 1 0
1214	2 0 2579 2 1 3 0
1215	2 0 2581 2 1 2 0
1217	2 1 1956 1 1 2 0
1218	2 1 2202 1 1 1 0
1219	2 1 2337 2 1 2 0
1220	2 0 1537 2 NA 1 1
1221	2 0 2196 1 1 2 0
1222	1 0 1845 1 1 2 1
1225	2 0 2574 NA 1 4 0
1226	2 1 2549 1 1 2 0
1227	2 1 2730 1 1 2 0
1228	2 0 1379 1 1 2 0
1229	2 1 2496 2 1 2 0
1230	2 1 2550 1 1 2 0
1231	2 0 1944 1 2 1 0
1232	1 0 1555 2 1 2 0
1233	2 1 2340 2 1 3 0
1234	2 0 1875 1 1 2 0
1238	1 0 1536 2 3 3 0
1240	2 0 1588 2 1 2 0
1241	2 1 2469 1 1 2 0
1242	2 0 1865 1 1 3 0
1243	2 0 1917 1 1 2 0
1244	2 0 2281 1 2 3 1
1247	2 0 2261 2 1 1 0
1249	2 0 1935 2 1 3 0
1250	1 0 2148 1 NA 2 0
1253	2 0 2386 1 1 2 0
1256	1 0 2224 1 1 2 1
1257	1 0 2715 2 1 4 0
1258	2 1 2568 2 1 4 0
1259	2 0 2493 2 1 2 1
1261	2 0 1767 1 1 3 0
1262	2 1 2164 1 1 1 0
1263	2 0 1648 1 1 1 0
1264	2 1 2406 2 NA 2 0
1265	2 0 1582 2 1 4 0
1268	1 0 1595 2 1 2 0
1269	2 0 2380 2 NA 1 0
1271	1 1 2600 1 1 3 0
1272	2 1 2693 1 NA 3 1
1273	2 0 2631 2 NA 3 0
1274	2 1 2466 1 NA 2 0
1275	2 0 2081 1 NA 1 0
1277	2 0 2012 1 NA 2 1
1281	1 0 1869 1 1 2 0
1282	2 0 1907 1 1 3 0
1284	1 0 1488 1 1 2 0
1297	2 0 2262 1 1 2 0
1298	1 0 2574 2 1 1 0
1300	2 1 2619 1 1 3 0
1301	2 0 1501 2 1 2 0
1306	2 0 2105 2 1 2 1
1313	2 0 1741 1 1 2 0
1314	2 1 2670 2 1 1 0
1316	2 0 2603 1 1 2 1
1317	2 0 2216 1 1 3 0
1318	1 0 2251 1 1 2 0
1319	2 0 1737 2 1 3 0
1323	2 0 1953 2 1 4 0
1324	2 1 2604 2 1 2 0
1326	2 0 2274 1 1 1 0
1328	2 0 1859 1 1 3 0
1329	2 0 1763 1 NA 3 0
1330	2 0 2629 1 1 1 0
1331	2 0 2216 2 2 3 0
1333	1 NA 2599 2 NA 2 0
1334	1 0 2634 NA 1 3 0
1335	2 1 3033 1 1 3 0
1336	1 0 3380 2 1 2 0
1337	1 0 2284 1 3 2 1
1340	1 0 2317 2 1 2 0
1341	2 0 2423 NA 3 4 0
1342	2 0 1916 1 1 1 0
1345	2 1 2169 NA 1 1 1
1347	2 0 1989 1 1 3 0
1348	2 1 1902 1 1 2 1
1350	2 0 1945 2 1 4 0
1354	2 0 2298 1 1 3 0
1356	1 0 2395 1 1 2 0
1358	2 0 2409 NA 1 3 0
1360	2 0 2218 2 1 3 0
1361	2 0 2411 1 1 2 0
1364	2 1 2224 1 1 2 0
1369	2 1 2371 1 1 1 0
1370	2 0 1871 NA NA 2 0
1371	2 0 2307 2 1 3 0
1372	2 0 1754 1 1 1 0
1374	1 1 1459 1 1 2 0
1376	2 0 2659 1 1 2 0
1378	2 0 1792 1 1 3 0
1381	2 0 2615 2 1 2 0
1382	2 1 2424 1 1 2 1
1386	1 0 2322 2 3 1 0
1387	1 0 1811 2 1 4 0
1388	1 1 2148 1 1 2 1
1390	2 0 2625 1 2 2 1
1391	2 1 2287 2 1 3 0
1397	1 0 2689 2 1 2 1
1400	2 0 1670 1 3 2 0
1404	2 1 2681 1 1 2 0
1406	2 1 2408 2 1 2 0
1407	2 0 1831 2 1 2 0
1412	2 1 2558 NA 2 3 0
1413	2 0 1710 2 2 2 0
1417	2 0 1806 1 2 1 0
1421	1 0 2300 2 1 3 0
1423	2 0 2619 2 1 4 1
1424	2 0 1526 2 2 2 1
1428	2 0 2574 2 1 2 0
1430	1 0 2109 NA 1 3 0
1431	1 0 1420 1 1 2 0
1433	2 0 2013 1 1 2 0
1435	2 0 1926 1 1 3 0
1438	1 0 2311 2 1 1 0
1440	1 0 2234 2 1 3 0
1444	2 0 2075 1 1 3 0
1445	2 0 2361 2 1 1 0
1446	2 0 1508 1 1 2 0
1447	2 0 1322 1 3 2 0
1448	1 0 1144 1 2 3 0
1449	1 0 2313 NA 1 1 0
1450	2 0 1854 2 1 2 1
1453	2 1 2701 1 1 3 0
1454	2 0 1366 2 2 1 0
1455	2 0 2276 2 2 1 0
1456	1 0 1396 1 1 2 0
1457	2 0 1827 2 1 3 0
1458	2 0 2121 2 1 1 0
1459	2 0 1901 2 1 3 1
1460	2 0 2254 NA 1 2 0
1461	2 1 2605 2 3 1 0
1462	2 0 2218 1 2 4 0
1463	2 0 1562 1 1 2 1
1464	2 0 1552 2 1 3 0
1465	2 0 2486 1 1 3 0
1466	2 0 1463 2 1 2 0
1470	2 NA 2198 1 1 3 1
1472	2 0 2414 1 1 3 0
1473	2 0 1543 2 1 2 0
1474	2 0 1927 1 1 3 0
1476	2 0 1698 1 1 2 0
1477	2 1 2288 1 1 1 0
1478	2 0 2249 1 1 2 0
1479	2 0 2030 2 1 2 0
1480	2 0 2328 1 1 2 0
1481	2 0 1335 2 2 2 0
1483	2 0 1825 1 1 2 0
1484	2 1 2700 1 1 1 0
1491	2 0 2728 NA 1 2 0
1492	2 0 2015 1 1 2 0
1493	2 0 1580 1 1 2 0
1500	2 0 1691 1 1 1 0
