1 1 0 0 2  2 3.666666667 1 3 5.00 1.533333333 2 1.928571429 1 1.75 3.714285714 2
3 3 0 0 2  1 3 1 2.6 5.00 1.133333333 1 1.642857143 1 1 4.857142857 1.4
4 4 0 0 2  1 3.333333333 1 2.4 5.00 1.333333333 2 1 1 1 4.428571429 1.631578947
7 7 0 0 2  2.5 2.666666667 2 3.8 4.00 1.533333333 1 1.285714286 1 1 4 1.9
9 9 0 0 2  1 1.5 1 1.6 5.00 1.2 1 1.285714286 1 1 4.857142857 1.45
14 14 0 0 2  1 4 1 1.2 5.00 1 1 1 1 1 4.857142857 1.3
15 15 0 0 2  1 4 1 1.4 5.00 1 1 1 1 1 4.714285714 1.2
18 18 0 0 2  1 4.666666667 1 1.8 5.00 1.133333333 2.5 1 1 1 4.857142857 1.45
20 20 0 0 2  1 3.666666667 2 1 5.00 1.2 1 2.214285714 1 1 4.714285714 1.8
21 21 0 0 2  1.5 3 1 2.4 5.00 1.066666667 1 1.142857143 1 1.125 4 2
25 25 0 0 2  3 2.666666667 2 3.4 5.00 1 1 1.428571429 1 -9 3.428571429 1.95
27 27 0 0 2  2.5 4.666666667 1 3 5.00 1.866666667 1 1.714285714 1 1 4.571428571 1.8
30 30 0 0 2  3.5 3.666666667 1 3.6 5.00 1.266666667 1 1.285714286 1.142857143 1 3 2.25
44 44 0 0 2  1 2.666666667 1 1.8 5.00 1 1 1.285714286 1 1 4.857142857 1.6
45 45 0 0 2  2.5 1.666666667 1 4 5.00 1.533333333 1 2.285714286 1 1 5 1.45
49 49 0 0 2  1 3.333333333 3 2.8 4.00 1.533333333 1 1.428571429 1 1 4 1.789473684
51 51 0 0 2  1.5 3 1 2.8 5.00 1.785714286 2 1.071428571 1 1 4.857142857 1.25
52 52 0 0 2  1 3.666666667 1 2.4 5.00 1.214285714 1 1 1 1 4.714285714 1.210526316
53 53 0 0 2  2 2.333333333 1 3 5.00 1.466666667 1.5 1.857142857 1 1 4.571428571 1.6
54 54 0 0 2  1 3.666666667 1 3 5.00 1.615384615 3 1.461538462 1 1 3.714285714 2
56 56 0 0 2  1 2.666666667 1 2.8 5.00 1.266666667 1 1.714285714 1 -9 3.714285714 2.4
60 60 0 0 2  1 3.666666667 1 1.2 5.00 1 1 1.071428571 1 1 5 1.2
61 61 0 0 2  1 3 1 2.4 5.00 1.466666667 1 2 1 1 4.285714286 1.526315789
62 62 0 0 2  3 5 1 2.8 5.00 1.266666667 1 1.214285714 1 1 4.857142857 1.9
63 63 0 0 2  1.5 1.666666667 1 2.6 3.00 1.714285714 -9 1.428571429 1 1 3.666666667 1.65
64 64 0 0 2  1.5 4.333333333 2 3 5.00 1.571428571 1 1.461538462 1 1.25 4.571428571 1.631578947
65 65 0 0 2  1 2.666666667 1 3.2 4.00 1.933333333 3 1.142857143 1 1.25 3.571428571 1.95
71 71 0 0 2  3 4.333333333 1 3.4 3.00 1.866666667 5 1.571428571 1 1.5 4 1.6
75 75 0 0 2  3.5 3 1 2.8 5.00 1 5 1.928571429 1.428571429 1 3.285714286 2.45
77 77 0 0 2  1 2 1 1.8 5.00 1.4 1 1.571428571 1 1 4.166666667 1.315789474
78 78 0 0 2  1 2.666666667 2 3.2 5.00 1.066666667 3 1.428571429 1 1.125 4.714285714 1.75
79 79 0 0 2  1 4 1 1.2 5.00 1.066666667 1 1 1 1 5 1.157894737
83 83 0 0 2  1.5 2.666666667 3 2.4 5.00 1.6 1.5 2.071428571 1 1.125 4.714285714 1.315789474
84 84 0 0 2  2 3.333333333 1 3 5.00 1.571428571 1.5 1.642857143 1 1.125 4.714285714 1.333333333
86 86 0 0 2  1 3 1 3.6 5.00 1.066666667 1 1 1 1 4.714285714 1.3
88 88 0 0 2  1 1.666666667 1 2.4 3.00 1 1 1 1 1 3.857142857 1.5
93 93 0 0 2  1 2.333333333 1 2.4 5.00 1.4 1.5 1.5 1 1 4.571428571 1.9
99 99 0 0 2  2 4.666666667 1 4.6 4.00 1.4 3.5 1.5 1 1.375 4.571428571 1.7
101 101 0 0 2  2 2.333333333 3 3 5.00 2.466666667 1 2.714285714 1 1 4.142857143 1.95
109 109 0 0 2  1 3 1 2.2 5.00 1.714285714 1 1 1 1 4.571428571 1.368421053
112 112 0 0 2  1 3.666666667 3 4.6 5.00 1.266666667 1.5 1.285714286 1 1 4.142857143 1.7
113 113 0 0 2  3 2 1 1.2 5.00 1.230769231 1 1.166666667 1 1 3.571428571 1.75
114 114 0 0 2  1 4 2 2.4 5.00 1.066666667 1.5 1.428571429 1 1 4 1.7
118 118 0 0 2  2 3 1 2.6 5.00 1.066666667 1.5 2.214285714 1 1 4.285714286 1.9
120 120 0 0 2  3 3.666666667 2 3 3.00 1.2 2 1.928571429 1 1.125 3.142857143 2.45
122 122 0 0 2  2 4 2 2.4 5.00 1 2.5 1.357142857 1 1.25 3.857142857 1.9
124 124 0 0 2  2.5 3.333333333 1 3 4.00 1.266666667 1.5 1.928571429 1 1 4.571428571 1.55
126 126 0 0 2  1.5 2.333333333 1 3.4 5.00 1 1 1.285714286 1 1 4.857142857 1.4
127 127 0 0 2  2 3.666666667 4 4 4.00 1.733333333 3 2.142857143 1 1 4.285714286 1.9
133 133 0 0 2  3 4.666666667 4 3 5.00 2.266666667 2 3 1.142857143 1.5 4 1.95
134 134 0 0 2  1 3 1 1.8 5.00 1 1 1.142857143 1 1 4.428571429 1.9
135 135 0 0 2  3.5 5 2 2.6 5.00 1 1 1.5 1 1.125 4 1.65
145 145 0 0 2  1.5 3.666666667 1 2.6 5.00 1.153846154 1 1 -9 1.125 4.571428571 1.470588235
146 146 0 0 2  1 3.333333333 1 3 3.00 1.066666667 1 1 1 1 3.428571429 1.8
147 147 0 0 2  3 3.333333333 3 2.6 4.00 2.083333333 2.5 2.6 1 1.666666667 3.833333333 2.473684211
148 148 0 0 2  2.5 3 2 3.6 5.00 1.4 1 2.642857143 1 1 4.142857143 2.5
156 156 0 0 2  2.5 3.666666667 1 2.8 5.00 1.466666667 2 1 1 1.125 5 1.15
158 158 0 0 2  1 2.666666667 1 3.2 5.00 1.133333333 3 1.307692308 1 1 3.857142857 2.35
160 160 0 0 2  1 1.333333333 1 1.8 5.00 1.071428571 1.5 1.642857143 1 1 3.857142857 2.368421053
164 164 0 0 2  1 4 1 1.2 5.00 1.6 4 1 1 1 4.714285714 1.05
165 165 0 0 2  1 3.666666667 1 1.6 5.00 1 1 1.071428571 1 1 5 1.368421053
167 167 0 0 2  1 3.333333333 1 3 5.00 1.133333333 1 1 1 1 4.571428571 1.6
172 172 0 0 2  3 4 2 2.4 1.00 1.266666667 1 1.714285714 1 1.25 4.142857143 2.3
173 173 0 0 2  1 2.666666667 1 3.2 5.00 1.142857143 1.5 1 1 1 3.142857143 1.85
174 174 0 0 2  2.5 3.666666667 1 2.4 2.00 1.2 1 1.071428571 1 1.375 3.857142857 1.736842105
181 181 0 0 2  1 3 2 2 2.00 1.133333333 1.5 1 1 1 3.857142857 2
186 186 0 0 2  3 3.333333333 2 2.4 2.00 1 1 1.857142857 1 1 3.142857143 2.35
190 190 0 0 2  1 3.666666667 1 1.8 5.00 1 2 1.571428571 1 1 4.714285714 1.5
191 191 0 0 2  5 5 4 5 5.00 1.333333333 2 1.357142857 1 1.125 4 2.05
193 193 0 0 2  1 3.666666667 1 1.4 5.00 1.133333333 1.5 1 1 1 4.142857143 1.25
195 195 0 0 2  1.5 2.333333333 2 3 5.00 1 1 1.071428571 1 1 4 1.736842105
199 199 0 0 2  2 3 2 2.6 5.00 1.4 2.5 1.714285714 1 1.25 3.714285714 2.2
201 201 0 0 2  3 4.666666667 3 3.4 5.00 1.333333333 2 2.428571429 1 1.166666667 4.142857143 2.2
203 203 0 0 2  3 2.333333333 1 3.4 -9 1.357142857 1 1.714285714 1 1 5 1.421052632
205 205 0 0 2  1 3.333333333 1 2.8 5.00 1.4 1 1.571428571 1 1 4.857142857 1.25
206 206 0 0 2  2 4.333333333 1 2.2 5.00 1 1 1.25 1 1 4.285714286 1.7
209 209 0 0 2  2 3.333333333 1 1.8 5.00 1 1 1.428571429 1 1 3.666666667 1.55
212 212 0 0 2  1 2.333333333 1 3 5.00 1.066666667 1 1.285714286 1 1 4.285714286 1.15
214 214 0 0 2  2 4 1 2.8 5.00 1.066666667 2.5 1.071428571 1 1 4.285714286 1.7
215 215 0 0 2  1.5 2.333333333 1 3.2 3.00 1 1 1 1 1.125 3.285714286 1.684210526
218 218 0 0 2  1 3.666666667 1 1.2 5.00 1.666666667 1.5 1.142857143 1 1 4.857142857 1.05
220 220 0 0 2  1 2.666666667 1 2.2 3.00 1.142857143 3 1.333333333 1 1 4.166666667 1.526315789
222 222 0 0 2  1.5 3 2 3.6 5.00 1.2 1.5 1.428571429 1 1.25 4.571428571 1.85
224 224 0 0 2  2.5 3 1 5 5.00 1.4 1 1.714285714 1 1 4.571428571 2.05
227 227 0 0 2  1 3.333333333 1 1.6 5.00 1 1 1.142857143 1 1 4.142857143 1.95
230 230 0 0 2  1 3.333333333 1 1.4 5.00 1.666666667 1.5 1 1 1.25 4.142857143 1.5
231 231 0 0 2  2 3 3 3.4 5.00 2.5 2 2.071428571 1 1.5 3.571428571 2.35
232 232 0 0 2  1 3 5 2.8 5.00 1.533333333 1 1.307692308 1 1 3.714285714 1.95
233 233 0 0 2  1 3 1 4.2 5.00 1.266666667 3 1.857142857 1 1 3.714285714 1.9
240 240 0 0 2  1 3.666666667 1 2.6 5.00 1.066666667 4 1.214285714 1 -9 4.142857143 1.85
241 241 0 0 2  1 4.666666667 2 2 5.00 1.466666667 1.5 1.071428571 1 1.75 5 1.5
246 246 0 0 2  1 3.333333333 1 2.8 5.00 1.4 1 1.571428571 1 1 4 2.15
249 249 0 0 2  1 3.333333333 1 2.8 5.00 1.533333333 1 2.714285714 1 1.125 4.571428571 1.45
255 255 0 0 2  1.5 4 1 2.2 5.00 1.133333333 1 1 1 1 4.428571429 2.3
259 259 0 0 2  3 3.666666667 2 2.4 5.00 1 1 1.285714286 1 1.25 4 1.8
260 260 0 0 2  2 2.666666667 1 2.4 4.00 1 1 1.142857143 1 1 4.142857143 1.6
261 261 0 0 2  2.5 4.666666667 5 4 5.00 3.333333333 1.5 3.857142857 1 1 4.428571429 2.15
263 263 0 0 2  2.5 3.333333333 1 2.4 5.00 1.384615385 1 1.416666667 1 1 4.5 1.7
264 264 0 0 2  4 3 1 2.4 4.00 1.333333333 1.5 1.071428571 1 1.125 3.857142857 2.05
269 269 0 0 2  3 4.666666667 1 3 5.00 1.615384615 1 1.307692308 1 1.5 4.571428571 1.944444444
273 273 0 0 2  1 3 2 2.6 5.00 1.133333333 1 1.571428571 1 1 3.857142857 1.35
277 277 0 0 2  2.5 3.333333333 1 3 5.00 1.133333333 1 1.571428571 1 1 5 1.25
279 279 0 0 2  2 3.333333333 1 2.2 5.00 1.2 1 1.071428571 1 1.625 4.428571429 1.4
280 280 0 0 2  2 4 3 3.4 5.00 1.266666667 1 2.785714286 1 2.375 3.333333333 2.3
282 282 0 0 2  1 3.333333333 -9 2.6 4.00 1 1 1.285714286 1 1.25 3.8 2.4
287 287 0 0 2  1 2.333333333 1 2.6 4.00 1.153846154 1.5 1.307692308 1 1 4.714285714 1.1
288 288 0 0 2  2 2.333333333 1 3 5.00 1 1 1.076923077 1 1 4.142857143 2.15
295 295 0 0 2  1 3 3 4 5.00 1 3 2 1 1 4.285714286 2.05
296 296 0 0 2  2 4 4 1.75 5.00 1.928571429 1 2 1 1.5 4.142857143 1.263157895
299 299 0 0 2  3 3.333333333 3 2.6 5.00 1.066666667 2 1.785714286 1 1.75 4.428571429 1.9
300 300 0 0 2  1.5 2.333333333 1 3 5.00 2.133333333 2 1.714285714 1 1.125 4.142857143 2.1
302 302 0 0 2  1.5 2.666666667 1 1.8 5.00 1 1 1 1 1.25 4.285714286 1.6
303 303 0 0 2  1 3 1 2.6 5.00 1 2 3.285714286 1 1.25 4.142857143 2.1
304 304 0 0 2  1 1 1 1 5.00 1 1 1 1 1 4.857142857 1.222222222
305 305 0 0 2  5 4.666666667 1 4.4 1.00 1.8 3 1.307692308 1 1 4.5 2.3
306 306 0 0 2  2 3.666666667 1 1.6 5.00 1 1 1.357142857 1 1.125 5 1.2
309 309 0 0 2  2 3 1 1.8 -9 1 1 1 1 1 -9 1.647058824
310 310 0 0 2  2 3.333333333 1 2.2 5.00 1 1 1 1 1 5 1.4
311 311 0 0 2  1 3.666666667 1 3 5.00 1.4 2 1.714285714 1 1.125 2.857142857 1.95
312 312 0 0 2  2 3.333333333 2 3.2 5.00 1.333333333 1.5 2.357142857 1 1.125 3.714285714 2
313 313 0 0 2  2.5 2.666666667 1 3.2 5.00 1.133333333 3.5 1.642857143 1 1.25 4.571428571 1.95
316 316 0 0 2  2 2.333333333 1 2.8 5.00 1.2 2.5 1.9 1 1 4.428571429 1.5
318 318 0 0 2  1 2.666666667 1 1.8 5.00 1.066666667 1 1.357142857 1 1 3.857142857 1.9
320 320 0 0 2  1 4 2 3.4 5.00 1.857142857 1 1.571428571 1 1.25 4.571428571 1.55
321 321 0 0 2  1 3 2 2.2 5.00 1.466666667 1 2 1 1 4.142857143 1.8
329 329 0 0 2  1.5 3 1 1.8 5.00 1.133333333 1 1.642857143 1 1 4.571428571 1.3
336 336 0 0 2  2.5 3 1 2.4 4.00 1.6 2.5 2.142857143 1.285714286 1 3.666666667 1.9
337 337 0 0 2  3 3.666666667 3 3.4 3.00 1 1 1.5 1 1.125 3.428571429 2.052631579
338 338 0 0 2  2 5 3 2.2 5.00 1 1 2.214285714 1 1 4.714285714 1.55
346 346 0 0 2  2.5 3 2 3 5.00 1.6 1 1.857142857 1 1 4.428571429 2.052631579
349 349 0 0 2  1 4.333333333 1 1.4 3.00 1.071428571 1.5 1.25 1 1 4.571428571 1.631578947
351 351 0 0 2  1 3.666666667 1 2.6 5.00 1 1 1.142857143 1 1 4.571428571 1.7
352 352 0 0 2  1.5 3 1 2.2 5.00 1.066666667 2 1.428571429 1 1.125 4.714285714 1.941176471
354 354 0 0 2  1 2.666666667 1 1.8 4.00 1.285714286 1 1 1 1 4.666666667 1.25
355 355 0 0 2  2 3 4 4 5.00 1.866666667 3.5 1.642857143 1 2 3.571428571 2.05
358 358 0 0 2  2 3.666666667 1 2.8 5.00 1.466666667 1 1.642857143 1 1 4.428571429 1.8
359 359 0 0 2  1 3.666666667 1 3.4 5.00 1.866666667 1.5 2.071428571 1.571428571 1 4.428571429 1.7
362 362 0 0 2  1.5 4 1 2.8 5.00 1.066666667 1 1.285714286 1 1 4.857142857 1.4
365 365 0 0 2  1 1 1 2.2 4.00 1.266666667 1 1.285714286 1.142857143 -9 3.571428571 1.35
366 366 0 0 2  4 3.666666667 1 3 5.00 1.266666667 1 2.857142857 1 1 4.285714286 2.05
367 367 0 0 2  1 3.333333333 1 2.2 5.00 1 1 1.142857143 1 1 4.571428571 1.157894737
370 370 0 0 2  3 3 2 3.4 4.00 1.733333333 1.5 2.071428571 1 1 3.857142857 2.1
372 372 0 0 2  1 3.333333333 1 2 3.00 1.272727273 -9 1.538461538 1 1 3.142857143 2.842105263
374 374 0 0 2  1 3.333333333 1 2.8 5.00 1.666666667 1.5 1.714285714 1 1.25 4.714285714 1.2
378 378 0 0 2  1 3.666666667 1 2.2 5.00 1 1 1 1 1 4 1.8
379 379 0 0 2  2 4.666666667 1 3.8 5.00 1.533333333 1.5 1 1 1 4.5 1.4
380 380 0 0 2  1 2.666666667 1 2.6 5.00 1.2 1 1.071428571 1 1 4.857142857 1.3
381 381 0 0 2  2.5 3.333333333 2 2.8 5.00 1.857142857 1 1.642857143 1 1 4.571428571 1.85
383 383 0 0 2  1 3 1 2.2 5.00 1.2 1 1.357142857 1 1 3.833333333 1.578947368
386 386 0 0 2  2 -9 2 1.8 5.00 1.266666667 1 1.428571429 1 1 4 1.4
387 387 0 0 2  3 2.333333333 2 4.2 5.00 1.066666667 1.5 2.5 1 1.375 3 3
388 388 0 0 2  1 2.666666667 1 3.6 3.00 1.666666667 1 1.5 1 1 4.714285714 1.85
390 390 0 0 2  1 2.666666667 1 1.6 5.00 1.133333333 1 1.428571429 1 1 4.142857143 1.3
391 391 0 0 2  2.5 3.666666667 2 3 3.00 1.6 2 1.5 1 -9 4 1.947368421
393 393 0 0 2  3 2.333333333 1 1.2 5.00 1.133333333 3.5 1.785714286 1 1 3.428571429 2.3
394 394 0 0 2  2 4.666666667 3 2.4 5.00 2.066666667 2 3 1 1.714285714 4.571428571 1.833333333
395 395 0 0 2  1 -9 1 1.75 5.00 1 -9 1.555555556 1 1.125 5 2
399 399 0 0 2  1 3 -9 2.333333333 5.00 2 -9 2.214285714 1 1 5 1.421052632
400 400 0 0 2  1 4.666666667 1 3.6 2.00 1.4 1 1.428571429 1 1 4.571428571 1.736842105
401 401 0 0 2  1 3.666666667 2 3 5.00 1.6 3 1.571428571 1 1 3.857142857 2.1
402 402 0 0 2  1 2.666666667 2 3.8 4.00 1.2 1 2.142857143 1 1 4.428571429 1.65
403 403 0 0 2  1 2.666666667 1 3.4 5.00 1.266666667 1 1.071428571 1 1.125 4.666666667 1.4
404 404 0 0 2  1.5 2.666666667 3 2.6 4.00 1.142857143 1 1.714285714 1 1.25 3.714285714 2.55
406 406 0 0 2  2.5 3.666666667 1 2 5.00 1.533333333 1 1 1.285714286 1.25 4.571428571 1.2
409 409 0 0 2  1 3 1 2.4 5.00 1.266666667 2 1.428571429 1 -9 3.857142857 1.8
412 412 0 0 2  2 4 1 2.4 5.00 1 1 1 1 1 4.857142857 1.65
413 413 0 0 2  1 3 1 1 5.00 1 1 1 1 1 4.428571429 1.55
415 415 0 0 2  1 4 1 2.4 5.00 1.066666667 1.5 1.142857143 1 1 3.857142857 1.95
416 416 0 0 2  2 3.333333333 2 3 4.00 1.533333333 2 2.384615385 1.285714286 1 3.571428571 2.45
418 418 0 0 2  4 4 1 3.4 4.00 1.6 2 2.642857143 1 1 4.285714286 2.35
419 419 0 0 2  1 4.333333333 1 2.6 5.00 1.333333333 1 1.428571429 1 1.125 4.285714286 2
420 420 0 0 2  1 3.333333333 1 3 5.00 1.066666667 1 1 1 1 4.428571429 1.947368421
424 424 0 0 2  2.5 3.666666667 2 3.8 4.00 1.466666667 1 1.642857143 1 1.25 4 2.05
425 425 0 0 2  1 4.333333333 1 2 5.00 1.066666667 1 1 1 1 5 1.894736842
428 428 0 0 2  1 4 1 2 3.00 1 1 1.785714286 1 1.375 3.142857143 1.55
430 430 0 0 2  1.5 3.666666667 1 2.8 4.00 1.466666667 1.5 1.153846154 1 1 4.571428571 1.55
431 431 0 0 2  1 1 1 1 5.00 1 1 1.071428571 1 1 4.428571429 1.25
432 432 0 0 2  1 2 1 1.6 4.00 1.133333333 1 1.142857143 1 1 4.714285714 1.25
434 434 0 0 2  2 5 1 3 5.00 1.133333333 1 1.142857143 1 1.125 4.714285714 1.894736842
436 436 0 0 2  2 4 2 2.6 4.00 1.466666667 1.5 2.142857143 1.285714286 1.625 3.714285714 3.333333333
437 437 0 0 2  3 3.333333333 1 3.6 5.00 2.4 2.5 2.357142857 1 1.375 4 2.25
441 441 0 0 2  3 3.666666667 3 3.2 5.00 1.2 1 1.357142857 1 1.375 4 2.05
444 444 0 0 2  2.5 4 1 2.8 5.00 1.6 1.5 1.615384615 1 1.125 3.857142857 2.35
447 447 0 0 2  1 2 1 1.6 5.00 1.133333333 1 1.071428571 1 1 4.142857143 1.5
448 448 0 0 2  -9 3 3 3.4 5.00 1.285714286 2 1.153846154 1 1.75 4.428571429 2
450 450 0 0 2  1.5 2.666666667 1 2.2 5.00 1 1 1 1 1 3.714285714 1.85
451 451 0 0 2  3 4.333333333 1 4.4 5.00 1.2 1 1 1 1 4 1.35
452 452 0 0 2  2 3.333333333 1 2 5.00 1.266666667 1 1.785714286 1 1 4.285714286 1.6
456 456 0 0 2  3 3.666666667 2 3.6 3.00 1 1.5 1.785714286 1 1 3.428571429 2.65
461 461 0 0 2  2.5 4 3 1.8 5.00 1.285714286 1 2.538461538 1 1 4.428571429 2.368421053
464 464 0 0 2  4 4.666666667 4 2.2 5.00 1 1 1.928571429 1 1 5 1.75
469 469 0 0 2  1 3.333333333 1 1.8 5.00 1.133333333 1 1.214285714 1 1 4.714285714 1.45
470 470 0 0 2  2 3.666666667 1 1.8 5.00 1.866666667 1.5 2.285714286 1 1 4.285714286 1.8
473 473 0 0 2  1 4.666666667 1 2.2 1.00 1 1 1.142857143 1 1.125 5 1.55
477 477 0 0 2  1 2.666666667 1 1.6 4.00 1.133333333 1.5 1.142857143 1 1 3.833333333 1.55
478 478 0 0 2  1 4.333333333 2 5 4.00 1.133333333 1 2.142857143 1 1.375 4.285714286 2.05
481 481 0 0 2  2.5 3 1 1.6 5.00 1.066666667 3.5 1.857142857 1 1 4.142857143 1.5
483 483 0 0 2  1 2 1 1.8 5.00 1.066666667 1 1.071428571 1 1 4.571428571 1.8
484 484 0 0 2  2.5 4 1 3 4.00 1 1 1.785714286 1 1 4.428571429 1.95
487 487 0 0 2  1 3.333333333 1 2.2 -9 1.2 1 1.142857143 1 1 4.571428571 1.473684211
488 488 0 0 2  1 3.333333333 1 2.6 -9 1 1 1.222222222 1 1 3.666666667 1.444444444
490 490 0 0 2  1 1.333333333 1 1 4.00 1 1 1.142857143 1 1 5 1.15
495 495 0 0 2  3.5 3.666666667 1 3 5.00 1.333333333 2 1.642857143 1 1.25 4 2.263157895
499 499 0 0 2  1.5 4.333333333 1 3 5.00 1 1 1 1 1 4.285714286 1.15
503 503 0 0 2  2.5 3 2 2.8 5.00 1.133333333 2 1.071428571 1 1.125 4 1.8
507 507 0 0 2  1 3 2 2 5.00 1.133333333 3.5 1.357142857 1 1.375 4.142857143 1.7
509 509 0 0 2  1 5 1 1.8 -9 1 1 1 1 1 5 1.263157895
511 511 0 0 2  1 2.333333333 1 2.2 5.00 1.2 1 1.142857143 1 1.125 4.285714286 1.75
512 512 0 0 2  4.5 4.333333333 3 3 5.00 1.866666667 2 2.076923077 1 1 4.571428571 1.8
515 515 0 0 2  1.5 2 2 1.8 5.00 1.071428571 1 1.214285714 1 1 4.285714286 1.75
519 519 0 0 2  2 3.333333333 1 2.6 5.00 1.4 1 1.571428571 1 1.125 3.428571429 1.6
521 521 0 0 2  1 3 2 2.6 5.00 1.333333333 1.5 1.571428571 1 1 4.714285714 1.45
522 522 0 0 2  1 1.666666667 2 1 5.00 1 1 1 1 1 5 1
523 523 0 0 2  3.5 4 1 1.8 5.00 1.142857143 1 1.461538462 1 -9 4.714285714 1.7
525 525 0 0 2  3.5 3.666666667 2 2.6 5.00 1.733333333 2 2.071428571 1 1 3.714285714 2
530 530 0 0 2  1 3 1 2 4.00 1.466666667 1.5 1.428571429 1 1 3.833333333 2.15
532 532 0 0 2  1.5 3 1 2.4 5.00 1 1 1.307692308 1 1 4.142857143 1.95
534 534 0 0 2  4 4 1 2.6 5.00 1.066666667 1 1.428571429 1 1 4.285714286 1.631578947
537 537 0 0 2  2 2 1 3.2 4.00 1.933333333 2 1.384615385 1 1.25 4 2.1
539 539 0 0 2  2 3 3 2.6 4.00 1.428571429 1.5 1.461538462 1 1 2.428571429 2.95
541 541 0 0 2  2.5 3.666666667 1 3 4.00 1.2 1.5 1.076923077 1 1.25 4.285714286 2.5
545 545 0 0 2  2 3 4 3 4.00 2.142857143 1 1.692307692 1.428571429 1 4.428571429 2
546 546 0 0 2  -9 3 1 2 5.00 1.266666667 3 1 1 1 4 2.15
547 547 0 0 2  2 3.666666667 2 3.8 5.00 2.2 4 1.571428571 1 1.75 3.571428571 2.3
555 555 0 0 2  1 3.333333333 2 3 5.00 1.4 1 1.357142857 1 1 4.142857143 2.25
558 558 0 0 2  2 3.333333333 4 3.8 5.00 2.083333333 2 1.909090909 1 1.875 4 2.45
561 561 0 0 2  1 3.666666667 1 1.4 5.00 1 1 1 1 1 5 1.3
564 564 0 0 2  2 2.333333333 1 3.4 5.00 1.285714286 3 1.714285714 1 1.285714286 3.857142857 2.1875
566 566 0 0 2  2 4 1 3.8 3.00 1.133333333 1 1.714285714 1 1 2.571428571 1.85
567 567 0 0 2  3.5 4 3 3 5.00 1.6 2.5 1.714285714 1 1 3.857142857 2.05
569 569 0 0 2  3 4.666666667 1 2.8 5.00 1.333333333 1 1.538461538 1 1.25 4.571428571 2
572 572 0 0 2  1 5 1 2 5.00 1.266666667 3.5 1.428571429 1 1 4.857142857 2
574 574 0 0 2  3.5 3 1 3 5.00 1.538461538 2 1.461538462 1 1 2.857142857 1.7
577 577 0 0 2  3 3.666666667 2 3.6 5.00 2.333333333 2.5 2.428571429 1.714285714 1.875 3.285714286 2.7
578 578 0 0 2  4 3 2 3.8 4.00 1.466666667 3 1.384615385 1 1 3.666666667 2.55
579 579 0 0 2  1 5 1 1.6 5.00 1 1 1 1 1 4.571428571 1.3
581 581 0 0 2  3 3 2 3.4 4.00 1.857142857 2.5 1 1 1 3 2.105263158
582 582 0 0 2  1 3 1 2.4 5.00 1 1 1.071428571 1 1 4.428571429 1.4
584 584 0 0 2  4 4 1 3.8 3.00 1.2 1 1.857142857 1.142857143 1.5 3.285714286 2.1
585 585 0 0 2  2 2.666666667 1 3 5.00 1.333333333 1.5 1.357142857 1 1 4.285714286 1.75
586 586 0 0 2  3.5 4 3 2.6 4.00 1.466666667 2.5 1.857142857 1.714285714 1.25 3.428571429 2.15
588 588 0 0 2  1 4.333333333 1 2.8 5.00 2.142857143 1 2 1 1.875 3.142857143 2
589 589 0 0 2  2 2 3 3.2 5.00 1.933333333 1.5 2.214285714 1 1 5 1.95
591 591 0 0 2  1 3.666666667 1 3.8 5.00 1.133333333 1.5 1.214285714 1 1 4 2.4
593 593 0 0 2  1.5 4.666666667 2 3 1.00 1 1 1.071428571 1 1.125 3.142857143 1.75
595 595 0 0 2  2 4 1 2.2 5.00 1 1 1.307692308 1 1 4.142857143 1.6
596 596 0 0 2  1.5 5 2 4.2 1.00 2.142857143 3 1.666666667 1.571428571 1 2.857142857 3.1
598 598 0 0 2  1 3.333333333 2 3 4.00 1.533333333 2 2.5 1 1 3.285714286 2
601 601 0 0 2  2.5 5 1 2.8 5.00 1.733333333 1.5 1.833333333 1 1.25 4.285714286 1.736842105
607 607 0 0 2  1.5 3.666666667 1 2.6 5.00 1.066666667 1 1.142857143 1 1 4.428571429 1.45
608 608 0 0 2  2 4 2 3.2 5.00 1.466666667 1.5 1.928571429 1 2 3.285714286 2.25
610 610 0 0 2  2.5 2.333333333 1 3 5.00 1.133333333 2.5 1.285714286 1 1 4.666666667 1.85
611 611 0 0 2  1 4.666666667 1 3.4 5.00 1.8 3 2.785714286 1 1.875 3.857142857 2.55
612 612 0 0 2  1.5 2.666666667 3 2.6 5.00 1.133333333 3 1.285714286 1 1.625 2 2.7
615 615 0 0 2  1 3 1 3 5.00 1.533333333 -9 1.285714286 1 1 4.428571429 1.6
616 616 0 0 2  3 4 3 3.4 4.00 1.6 1 1.714285714 1 1.5 4.428571429 2.05
617 617 0 0 2  2 3 1 1.8 5.00 1.533333333 1 1 1 1 4.285714286 1.8
618 618 0 0 2  3 3 2 3.6 2.00 1.333333333 1.5 1.928571429 1 1 3.428571429 1.75
622 622 0 0 2  1 2.666666667 2 1.6 5.00 1.266666667 1 1.5 1 1.25 4 1.8
623 623 0 0 2  1 4 3 2.2 5.00 1.066666667 1 1.538461538 1 1 4.428571429 1.8
624 624 0 0 2  3 3 3 3.8 4.00 1.714285714 1.5 1.785714286 1 1 4 2.3
625 625 0 0 2  1 2 1 2.2 5.00 1.066666667 1 1.142857143 1 1 4.428571429 2
626 626 0 0 2  3 4 3 3.8 5.00 1.615384615 2 2.5 1 1 3.285714286 2.5625
627 627 0 0 2  2.5 2.333333333 2 2.2 5.00 1.538461538 3.5 1.153846154 1 1.125 4 1.95
629 629 0 0 2  2.5 2.333333333 1 3.4 4.00 1.666666667 1 2 1 1.125 3.571428571 1.5
631 631 0 0 2  1 1.333333333 1 1.4 5.00 1.266666667 1.5 1.285714286 1 1.625 5 1.35
636 636 0 0 2  1 3 1 1.2 5.00 1 1 1 1 1 3.833333333 1.263157895
639 639 0 0 2  1 3.666666667 2 3 5.00 1.066666667 1 1 1 1.25 5 1.55
640 640 0 0 2  2 3 1 3.2 5.00 1.2 2 1.642857143 1 1.125 3.857142857 2.3
641 641 0 0 2  1 3 1 1.8 5.00 1 1 2.142857143 1 1 3 1.8
645 645 0 0 2  2 3 3 2.4 4.00 1.6 1 1.428571429 1.142857143 1.25 4.285714286 1.736842105
647 647 0 0 2  1 3.333333333 1 2 5.00 1.066666667 1 2.071428571 1 1 4 1.85
648 648 0 0 2  2 3.666666667 2 3.4 5.00 1 1 1.214285714 1 1 4 2.052631579
649 649 0 0 2  4 2.666666667 3 2.6 5.00 2.357142857 5 2 1 1.125 4.666666667 1.65
650 650 0 0 2  2 3 2 3.2 5.00 1.133333333 2.5 1.928571429 1 1 3.428571429 1.9
651 651 0 0 2  3.5 3 1 2.8 5.00 1.2 1 1.357142857 1 1 2.857142857 1.9
656 656 0 0 2  2 3.333333333 2 2.2 5.00 2 3.5 1.714285714 1 1 4 2.105263158
657 657 0 0 2  1 3.333333333 4 2.8 4.00 1.133333333 1.5 2.142857143 1 1 3.285714286 1.8
658 658 0 0 2  2.5 2.666666667 1 2.8 5.00 1.133333333 3.5 1 1 1 3.428571429 2.45
659 659 0 0 2  3.5 4.333333333 4 3.2 5.00 1.333333333 1 2.153846154 1 1.625 3.833333333 2.210526316
661 661 0 0 2  1 2.666666667 1 3.6 5.00 1.2 1 1.357142857 1.142857143 1 4.857142857 1.9
664 664 0 0 2  1 2.666666667 1 1.6 5.00 1 1 1 1 1 4.571428571 2.15
665 665 0 0 2  1 4 2 2.4 4.00 1.266666667 3 1.071428571 1 1.25 4.571428571 1.65
666 666 0 0 2  1 3.666666667 1 1.8 5.00 1.333333333 1 1.071428571 1 1 4.571428571 1.15
667 667 0 0 2  2.5 3.666666667 2 3 5.00 2.333333333 3.5 1.785714286 1 1 4.142857143 1.9
672 672 0 0 2  2 3.333333333 1 3.2 5.00 1.357142857 4 2.357142857 1 1 4.428571429 1.85
673 673 0 0 2  2 4 2 3.6 5.00 1.266666667 2 1.285714286 1 1 4 2
676 676 0 0 2  2.5 2.333333333 1 2.6 5.00 1.333333333 1.5 1.785714286 1 1 3.142857143 1.95
680 680 0 0 2  2 3.333333333 1 1.2 4.00 1 1 1.357142857 1 1 4.285714286 2.6
681 681 0 0 2  2 3 4 3.2 5.00 1.333333333 1.5 2.214285714 1 1.125 3.571428571 2
684 684 0 0 2  1 3.333333333 1 1.8 5.00 1 1 1 1 1 4.714285714 1.526315789
685 685 0 0 2  1.5 4 1 2.6 3.00 1.133333333 1 1.428571429 1 1 4.428571429 1.45
686 686 0 0 2  1.5 3.333333333 2 3.6 4.00 1.133333333 1 1.714285714 1 1 2.571428571 2
687 687 0 0 2  2.5 3 1 3 5.00 1 1 1.785714286 1 1 4.142857143 1.45
688 688 0 0 2  2 4 1 2.4 5.00 1.666666667 2 1 1 1 4 1.85
689 689 0 0 2  2.5 4.666666667 1 5 5.00 1 1 1 1 1 3.333333333 3.052631579
690 690 0 0 2  2.5 4 3 3 5.00 1.066666667 1 1.285714286 1 1.625 4 2.85
692 692 0 0 2  2.5 2.666666667 1 3.8 3.00 1.4 1 1 1 1.75 3.666666667 2.3
693 693 0 0 2  2.5 4.333333333 1 3.8 5.00 1.4 1 1.214285714 1 1.625 4.571428571 2.210526316
694 694 0 0 2  1 3.666666667 1 2.8 5.00 1.857142857 2 2.214285714 1 1 3.714285714 2.55
696 696 0 0 2  1 3 -9 1.8 5.00 1 -9 1.153846154 1 1 5 1.2
701 701 0 0 2  1 2.333333333 1 2.8 3.00 2.933333333 4.5 1.428571429 1 1.125 5 1.105263158
702 702 0 0 2  3 4.333333333 4 3.4 5.00 1.4 1 2.714285714 1.571428571 1.5 3.857142857 2.05
703 703 0 0 2  3.5 4.333333333 1 3.4 5.00 1.5 1.5 1.642857143 1 1 3.5 2.4
704 704 0 0 2  1 4.333333333 1 2 5.00 1.071428571 1.5 1 1 -9 4.714285714 1.210526316
708 708 0 0 2  3 3.666666667 2 2.2 4.00 1.2 2 1.142857143 1 1.5 3.428571429 2.05
709 709 0 0 2  2.5 3.333333333 2 2.2 5.00 2 1 3 1 1 5 1.05
712 712 0 0 2  5 5 3 5 5.00 1.133333333 1 1.285714286 1 1.375 3.714285714 2.7
718 718 0 0 2  1 3 2 3.8 5.00 1.333333333 2.5 1.076923077 1 1 4.571428571 1.6
720 720 0 0 2  1.5 2.666666667 1 2 4.00 1.066666667 1 1.571428571 1 1 4.285714286 1.55
721 721 0 0 2  1 1 -9 -9 5.00 1 1 1 1 1 4.8 -9
722 722 0 0 2  3.5 3.333333333 1 3.2 4.00 1.533333333 1 1.428571429 1 1.125 4.714285714 1.7
725 725 0 0 2  1 2.666666667 2 3.6 5.00 1.666666667 2 1.5 1 1.375 3 1.55
726 726 0 0 2  3.5 3 2 3.2 4.00 2 4 1.071428571 1 1 4.285714286 2.7
727 727 0 0 2  1 2 1 3 3.00 1.4 2 1.142857143 1 1 4.142857143 2.05
728 728 0 0 2  3.5 3.666666667 1 4.4 5.00 1.266666667 2 1 1 2.75 3.142857143 1.95
729 729 0 0 2  1 3.333333333 2 3.6 5.00 1.461538462 3 1.153846154 1.4 1.5 4.428571429 1.8
731 731 0 0 2  1 1.333333333 2 2.6 2.00 1.533333333 1.5 1.357142857 1 1 3.285714286 1.7
733 733 0 0 2  4 5 2 4.2 5.00 2.133333333 1.5 1.571428571 1 1.5 3.428571429 3.55
734 734 0 0 2  1 3.666666667 1 2.6 3.00 1.866666667 2.5 1.571428571 1.142857143 1.25 3.857142857 2.25
735 735 0 0 2  4.5 5 1 4.4 5.00 1.066666667 1 1.428571429 1 1 3.857142857 2.2
738 738 0 0 2  2.5 2 3 2.8 4.00 1.133333333 1 1.428571429 1 1 3.285714286 1.55
739 739 0 0 2  5 4.333333333 1 3 2.00 1.466666667 2 1.142857143 1 1.125 4.142857143 2.8
742 742 0 0 2  1.5 3.333333333 1 2.4 5.00 1 1 2 1 1 4.285714286 1.65
743 743 0 0 2  1 3.5 1 1.6 5.00 1.133333333 1 1.357142857 1 1 4.714285714 1.35
745 745 0 0 2  2.5 4 2 3.5 5.00 1.133333333 1 2.076923077 1 1 4.714285714 1.947368421
746 746 0 0 2  1 4.666666667 1 5 5.00 1 1 1.071428571 1 1.125 4.285714286 1.85
747 747 0 0 2  1 2.666666667 1 5 5.00 1.2 1.5 1.071428571 1 1 3.857142857 1.95
748 748 0 0 2  2 2.333333333 1 3 2.00 1.533333333 3 1.857142857 1 1 3.285714286 2.210526316
749 749 0 0 2  1 2.666666667 1 3 4.00 1.454545455 1 1.090909091 1 1.25 3.857142857 1.842105263
751 751 0 0 2  -9 -9 3 -9 5.00 1 -9 1 1 -9 4.5 2.5
754 754 0 0 2  1.5 4.333333333 1 2.4 1.00 1.133333333 1 1.714285714 1 1 4.285714286 1.35
755 755 0 0 2  2 2.666666667 3 2.6 5.00 1 2 1.285714286 1 1 3.857142857 2.15
756 756 0 0 2  1 1.333333333 1 2 5.00 1.066666667 1.5 1.785714286 1 1 4.714285714 1.25
758 758 0 0 2  2.5 3 1 1.5 4.00 1.133333333 1 1.5 1 1 4 1.5
760 760 0 0 2  1 3.333333333 2 1.4 5.00 1.142857143 1 1 1 1.25 4 1.8
761 761 0 0 2  1 2.333333333 5 4.6 5.00 1.6 1 1.214285714 1 2.375 2.571428571 2.8
763 763 0 0 2  2 2 1 3 5.00 1.2 1 1.923076923 1 1 4.428571429 1.75
764 764 0 0 2  1 2.333333333 2 1.8 5.00 1.066666667 1.5 1.285714286 1 1 4 1.65
767 767 0 0 2  5 4.333333333 2 5 4.00 1.666666667 1.5 1.285714286 1 1 3.571428571 2.6
769 769 0 0 2  1.5 4 1 1.4 4.00 1.133333333 1 1.214285714 1 1 3.714285714 2.05
775 775 0 0 2  1 2.333333333 1 2.6 4.00 1 1.5 1 1 1 4 1.6
776 776 0 0 2  2 3 2 2.2 5.00 1.2 1 1.785714286 1 1 3.5 2.4
779 779 0 0 2  3 5 1 1.6 4.00 1.333333333 1 1.071428571 1 1 3.142857143 1.736842105
782 782 0 0 2  3 3.666666667 1 2 5.00 1.2 2.5 2.071428571 1 1.285714286 4.285714286 1.7
783 783 0 0 2  1 3.333333333 2 2.8 2.00 1.333333333 3.5 1.142857143 1 1 4.714285714 1.2
787 787 0 0 2  4 4 1 3 3.00 1.428571429 3 1.428571429 1.285714286 1 3.857142857 1.9
788 788 0 0 2  1 1 1 2 4.00 1 1 1.214285714 1 1 3 1.6
789 789 0 0 2  3.5 5 1 3.8 5.00 1.4 3 1.571428571 1 1.25 4.285714286 1.75
792 792 0 0 2  1 3 1 3 5.00 2.333333333 2 2.214285714 1 1 4.857142857 1.85
793 793 0 0 2  1 4 1 2 5.00 1 1 1.285714286 1 1 5 1.3
794 794 0 0 2  3 4.333333333 1 4 5.00 2.066666667 3 2.071428571 1 1.875 3.714285714 2.2
795 795 0 0 2  1 5 1 1 5.00 1.153846154 1 1 1 1 5 1
796 796 0 0 2  3 3.666666667 2 3 4.00 1.066666667 1.5 1.071428571 1 1 3.571428571 1.9
797 797 0 0 2  1 3.333333333 1 2.2 2.00 1.2 1 1.071428571 1 1 3.714285714 1.9
798 798 0 0 2  -9 3 3 3.4 4.00 1.375 2.5 1.875 1.285714286 1 4.142857143 1.9375
799 799 0 0 2  1.5 3.666666667 -9 3.4 4.00 1.533333333 1.5 2.857142857 1 1.125 3.285714286 -9
800 800 0 0 2  2 2.666666667 1 2.6 5.00 1.214285714 1 2 1 1 4.571428571 1.7
804 804 0 0 2  1 2 1 1.6 5.00 1.533333333 3.5 2 1 1 4.571428571 1.85
806 806 0 0 2  3 3 1 4 5.00 1.066666667 2 1.214285714 1 1.375 4.142857143 2.9
809 809 0 0 2  1.5 2.666666667 2 2 5.00 1 1 1.272727273 1 1.142857143 4.857142857 1.65
810 810 0 0 2  1.5 2.666666667 2 2.4 5.00 1.6 4 1.142857143 1 1.375 3.571428571 2.2
813 813 0 0 2  1 1.666666667 1 1.4 5.00 1.4 2 1.071428571 1 1 4.333333333 1.7
815 815 0 0 2  1 2 1 2 5.00 1 2 1 1 1 4.142857143 1.9
816 816 0 0 2  1 3.333333333 5 2.2 5.00 1.066666667 1 1.071428571 1 -9 3.285714286 2.05
817 817 0 0 2  1 4.333333333 1 3.2 5.00 1.266666667 1 1.428571429 1 1 4.571428571 1.5
818 818 0 0 2  2 5 1 4.4 4.00 1.142857143 2 1 1 1 4.285714286 2.666666667
820 820 0 0 2  -9 4 1 2.2 -9 1 1 1.5 1.571428571 1.625 4.2 1.45
823 823 0 0 2  4 5 3 5 5.00 1.133333333 1 1.071428571 1 1.5 4.285714286 2.25
832 832 0 0 2  1 4.333333333 3 3.8 5.00 1.857142857 1 1.928571429 1 1 4.571428571 2.2
837 837 0 0 2  1 2.666666667 1 3 5.00 1.066666667 3 1.285714286 1 1 4.285714286 1.75
838 838 0 0 2  1 3 2 1.6 5.00 1.2 1 1.357142857 1 1 4.285714286 1.75
839 839 0 0 2  1 2 1 3 4.00 1.2 1.5 1.75 1 1 3.857142857 1.95
840 840 0 0 2  1 3 1 2.2 5.00 1.714285714 1.5 1.307692308 1 1 2.714285714 1.9
841 841 0 0 2  2.5 4.333333333 1 3 5.00 1.214285714 2.5 1.25 1.166666667 1.125 4.166666667 1.473684211
842 842 0 0 2  5 3.666666667 1 4.2 5.00 1.133333333 2 1.714285714 1 1 4.142857143 1.95
845 845 0 0 2  1 4.666666667 1 1.8 5.00 1 1 1 1 1 4.714285714 1.7
846 846 0 0 2  4 4 1 2.75 4.00 2.769230769 3 3 1 2.285714286 3.142857143 2.222222222
847 847 0 0 2  1.5 -9 2 2.6 5.00 2.714285714 -9 1.428571429 1 -9 4.142857143 2
848 848 0 0 2  1 2.666666667 1 3.6 5.00 1.133333333 1 1.357142857 1 1 3.714285714 1.85
849 849 0 0 2  1 2.333333333 1 2 5.00 1.142857143 2 1.846153846 1 1 3.428571429 2.15
850 850 0 0 2  1 2.666666667 1 2.8 5.00 1.533333333 2 1.785714286 1 1 3.857142857 1.95
851 851 0 0 2  1 3 1 2.6 5.00 1 1 1.153846154 1 1 4.571428571 1.8
852 852 0 0 2  1.5 4 2 1.6 5.00 1 1 1 1 1.428571429 3.857142857 1.65
853 853 0 0 2  1 2.333333333 1 2 5.00 1 1 1.285714286 1 1.25 4.428571429 1.45
854 854 0 0 2  1 3.666666667 1 1.8 5.00 1.071428571 1 1 1 1.125 4.142857143 1.5
859 859 0 0 2  -9 3.5 1 1 5.00 1.571428571 1.5 1.333333333 1 1 4.285714286 2.0625
860 860 0 0 2  1 3.666666667 1 1.4 5.00 1 1 1.142857143 1 1 4.714285714 1.35
861 861 0 0 2  2.5 2.666666667 3 2 5.00 0.733333333 2.5 1.642857143 1.142857143 -9 4.285714286 1.9
864 864 0 0 2  1.5 3.666666667 2 2.8 5.00 1.4 2 1.571428571 1 1 4.857142857 1.4
865 865 0 0 2  3 4.333333333 1 2.6 5.00 1.333333333 1 1.692307692 1 1.625 4.571428571 1.947368421
868 868 0 0 2  5 4.333333333 3 4 5.00 1.2 3 1.181818182 1 1.375 4.333333333 2.894736842
869 869 0 0 2  3.5 4.666666667 1 2.8 5.00 1.142857143 2.5 1.142857143 1 1.125 3.571428571 2.2
871 871 0 0 2  4.5 4.333333333 4 3.4 5.00 1.133333333 2.5 1.928571429 1 2.25 3.714285714 2.95
873 873 0 0 2  1 3 1 2.2 5.00 1 1 1.214285714 1 1 4.714285714 1.45
875 875 0 0 2  3 4.666666667 3 3.2 4.00 1.066666667 2 2.571428571 1 1 4.142857143 2.5
877 877 0 0 2  2 3.666666667 2 2.8 5.00 1.333333333 1 1.928571429 1 1 4.6 1.7
880 880 0 0 2  1 4.333333333 1 2.4 5.00 1 1 1.071428571 1 1 4.571428571 1.631578947
881 881 0 0 2  1.5 3 3 2.8 5.00 1.333333333 1.5 1.384615385 1 1 3.857142857 2.1
884 884 0 0 2  1 3.666666667 1 2.6 5.00 1.4 2.5 1.785714286 1 1 3.857142857 1.75
886 886 0 0 2  2 3.666666667 2 4.6 5.00 2.2 1 2.142857143 1 1 4 1.9
889 889 0 0 2  1 2 1 1.6 5.00 1.2 1 1.571428571 1 1 3.857142857 1.7
890 890 0 0 2  2 3.666666667 2 3.2 5.00 1 1 1.142857143 1 1 4.142857143 1.7
894 894 0 0 2  1 3.333333333 4 3.2 4.00 1.666666667 2 1.785714286 1 1.25 3.428571429 2.55
895 895 0 0 2  3 4 1 3 5.00 1.533333333 1 1.769230769 1 1.625 4.166666667 1.526315789
896 896 0 0 2  1 5 1 2.2 5.00 1.733333333 2 1.928571429 1 1 4 2.25
902 902 0 0 2  1 2.666666667 1 3 5.00 1.2 1.5 1.071428571 1 1.125 3.857142857 2.1
904 904 0 0 2  1 4 1 2 -9 1 1.5 1.142857143 1 1.25 4.75 1.65
909 909 0 0 2  4.5 4 2 3.6 5.00 1.2 1 2.142857143 1 1.75 4.428571429 2.4
913 913 0 0 2  3 2.666666667 1 3 3.00 1.4 1 1.071428571 1 1 3 2
914 914 0 0 2  1.5 2.666666667 1 4 5.00 1.8 2.5 1.071428571 1 1 3.857142857 1.3
915 915 0 0 2  3 3 3 3.6 4.00 2.6 3 2.214285714 1.714285714 1.375 3.571428571 2.95
917 917 0 0 2  1 2 1 2.2 5.00 1 1 1 1 1 4.571428571 1.2
918 918 0 0 2  1 3.666666667 1 1.2 5.00 1.2 1.5 1.571428571 1 1 4.714285714 1.6
920 920 0 0 2  3 4 1 2.4 5.00 1.2 2 1.357142857 1 1 4.428571429 2.052631579
921 921 0 0 2  3 3.333333333 1 3.2 5.00 1.266666667 1 1.5 1 1 2.8 1.8
924 924 0 0 2  1 2 1 1.6 5.00 1.266666667 4 1.214285714 1 1 3.428571429 1.8
925 925 0 0 2  1.5 3 1 3.4 4.00 1.2 1 1.071428571 1 1 4.142857143 1.789473684
927 927 0 0 2  5 3.666666667 3 4.8 5.00 1.428571429 1.5 2.071428571 1 -9 3.285714286 2.2
928 928 0 0 2  2 3.333333333 1 1.8 3.00 1.357142857 1 1 1 1 2.714285714 2
930 930 0 0 2  1 3.666666667 1 1 5.00 1 1 1 1 1 4.857142857 1.2
931 931 0 0 2  2 3.666666667 1 4 4.00 1.266666667 1 1.357142857 1 1 4.142857143 1.7
932 932 0 0 2  2 3.333333333 1 2.2 5.00 2 1.5 2.071428571 1 1.125 4 2.1
934 934 0 0 2  1 1.333333333 1 2.6 5.00 1.4 1 1.428571429 1 1 4.142857143 1.684210526
936 936 0 0 2  -9 -9 1 1 5.00 1.076923077 1 1.083333333 1 1 3.714285714 1
938 938 0 0 2  1 2 2 1.8 5.00 1.266666667 1 1.785714286 1 1 4 1.7
940 940 0 0 2  1 3.666666667 2 4.4 5.00 1.266666667 3 1.357142857 1 1 4.714285714 1.75
942 942 0 0 2  1 3 1 2.2 5.00 1 1 1.769230769 1 1 3.571428571 1.7
943 943 0 0 2  2 2.666666667 3 3.4 5.00 1.6 2.5 2.153846154 1 1.25 4.428571429 2.2
948 948 0 0 2  1 3.333333333 3 1 5.00 1.166666667 1 1 1 1.125 3.571428571 1.2
949 949 0 0 2  3 4 1 3.4 4.00 1.285714286 1.5 1.285714286 1 1.75 3.5 2.5
950 950 0 0 2  2 3.666666667 1 2.2 5.00 1 1 1 1 1 3.857142857 2.05
953 953 0 0 2  3 2.666666667 3 3 4.00 1.4 2.5 1.571428571 1 1.75 3.285714286 2.35
954 954 0 0 2  2 4 1 2.6 5.00 1 1 1 1 1 4.333333333 1.736842105
958 958 0 0 2  1 3.333333333 1 3 -9 1.6 1 1.142857143 1 1 3.714285714 2.3
960 960 0 0 2  2 3.333333333 1 2.6 5.00 1.266666667 2 1.714285714 1 1.125 4.857142857 1.95
963 963 0 0 2  1.5 3.333333333 1 3.2 5.00 1 1 1 1 1 4.833333333 1.55
964 964 0 0 2  1 2.333333333 1 3 5.00 1.2 1 1.142857143 1 1 4.285714286 1.75
967 967 0 0 2  1 3.333333333 1 2 4.00 1.066666667 1.5 1.214285714 1 1.25 5 1.35
969 969 0 0 2  1 2 1 1.6 5.00 1.733333333 1 1.5 1 1 4.428571429 2.25
971 971 0 0 2  1 3 1 3 4.00 2.133333333 4 1.571428571 1 1 3.857142857 2
972 972 0 0 2  2 4 2 2.2 5.00 1.2 1 2.214285714 1 1 3.714285714 1.722222222
973 973 0 0 2  2.5 4 1 3 5.00 1.266666667 1 2 1 1 4.142857143 2.3
974 974 0 0 2  1 3.333333333 1 2.2 5.00 1.4 2 1.5 1 1.375 4.142857143 1.789473684
977 977 0 0 2  3 5 2 3.6 5.00 1 1 2.5 1 1.5 3.571428571 2.6
978 978 0 0 2  1 5 2 2.75 -9 1.533333333 3.5 1.692307692 1 1 4.714285714 1.5
979 979 0 0 2  1.5 2.666666667 3 3.6 5.00 2.066666667 1 3.357142857 1 1 4.142857143 1.85
982 982 0 0 2  3 3.333333333 1 2.2 5.00 1.266666667 1 1.928571429 1 1 4.428571429 1.65
985 985 0 0 2  3.5 4.666666667 1 3.4 5.00 1.133333333 1 1.142857143 1 1 4.857142857 1.45
986 986 0 0 2  2 2.333333333 4 3 4.00 1.428571429 1 1.307692308 1 1.625 2.571428571 2.105263158
987 987 0 0 2  1.5 4.333333333 2 2.4 5.00 1.333333333 1 2.071428571 1 1 3.428571429 2.1
988 988 0 0 2  1 4.333333333 2 2.2 5.00 1.333333333 1 1.285714286 1 1 4 1.789473684
989 989 0 0 2  2 3 3 3.8 5.00 1.4 4 1.714285714 1 1 3.428571429 2.1
991 991 0 0 2  1 2.666666667 1 1.6 4.00 1.266666667 1.5 1.142857143 1 1 3.428571429 2.35
992 992 0 0 2  2 3.333333333 1 3.2 5.00 1.538461538 3 1 1 1 4.142857143 1.7
994 994 0 0 2  -9 3.333333333 4 4.4 3.00 1.083333333 1.5 1.545454545 1 1 2.285714286 1.95
995 995 0 0 2  3 5 5 5 2.00 1 1 1.692307692 1 2.375 2.571428571 3.05
996 996 0 0 2  3.5 4.666666667 3 4 5.00 2.266666667 -9 1.857142857 1 1.25 4.428571429 2.4
998 998 0 0 2  2 3.333333333 1 3 5.00 1 1 1.142857143 1 1 4.142857143 1.9
1001 1001 0 0 2  1 4.333333333 2 2.6 5.00 1.142857143 1 1 1 1.125 5 1.65
1005 1005 0 0 2  2 3.333333333 1 3.6 5.00 2.133333333 1 2.928571429 1 1 5 1.65
1006 1006 0 0 2  2 3.333333333 1 2.4 5.00 1.333333333 1 1.571428571 1 1 4.714285714 1.65
1009 1009 0 0 2  2.5 4.666666667 2 2.8 5.00 1.333333333 1.5 1.5 1 1.25 2.714285714 2.05
1014 1014 0 0 2  1 3 1 2.2 5.00 1 1 1.285714286 1 1 4 1.95
1016 1016 0 0 2  2 4.333333333 1 1.4 5.00 1.066666667 1.5 1.357142857 1 1 4.857142857 1.3
1017 1017 0 0 2  1.5 3.333333333 3 3.8 5.00 1.266666667 1.5 1.714285714 1 1.125 4 2.55
1024 1024 0 0 2  3 3.333333333 4 4.8 4.00 1.333333333 2.5 1.142857143 1 1.75 3.714285714 3
1027 1027 0 0 2  1.5 2.333333333 1 2.2 5.00 1.933333333 1 1.857142857 1 1.25 3.857142857 1.9
1028 1028 0 0 2  2.5 3 1 1.8 5.00 1.066666667 1 1.142857143 1 1 4 1.65
1032 1032 0 0 2  3 3 1 2 5.00 1.4 1 1.428571429 1 1 4.571428571 1.8
1036 1036 0 0 2  1 3.333333333 1 2 3.00 1.428571429 1 1.571428571 1 1 3.571428571 2.05
1038 1038 0 0 2  2.5 3.666666667 2 3 5.00 1 1 1.285714286 1 1 4 2.35
1039 1039 0 0 2  1 4 1 2 5.00 1.076923077 1 1.727272727 1 -9 3.571428571 1.55
1041 1041 0 0 2  1 4.666666667 1 3 5.00 1.266666667 1 1.142857143 1 1 5 1.5
1043 1043 0 0 2  3 3.333333333 2 2.2 5.00 1.933333333 1.5 1.928571429 1 1.375 3.571428571 2.55
1044 1044 0 0 2  1.5 4 4 3.8 5.00 2 1 2.083333333 1 1 4.857142857 2.2
1048 1048 0 0 2  -9 5 -9 2.4 1.00 1.642857143 2 1.071428571 1 1.25 4.571428571 2
1049 1049 0 0 2  2.5 3 3 3 5.00 1.333333333 1 1.785714286 1 1.125 3.571428571 1.95
1050 1050 0 0 2  3 2.666666667 3 2.6 5.00 1.133333333 2.5 1.785714286 1 1.375 3.571428571 2.75
1051 1051 0 0 2  2 3 1 2 -9 1 1 1 1 1 -9 1.647058824
1052 1052 0 0 2  1 2.333333333 1 1.4 5.00 1.333333333 2 1.5 1 1 5 1.1
1054 1054 0 0 2  1.5 1.666666667 1 2.2 3.00 1.266666667 2 1.923076923 1 1 3.666666667 1.8
1055 1055 0 0 2  2 4.333333333 1 2.8 5.00 1 1.5 1.5 1 1 3.857142857 1.8
1056 1056 0 0 2  2 2.333333333 2 2 3.00 1.533333333 1.5 1.5 1 1.625 3.428571429 2.2
1057 1057 0 0 2  -9 4 1 3 5.00 2.2 1 2.714285714 1 1 3.571428571 2.8
1058 1058 0 0 2  2.5 3.333333333 1 3 5.00 1 1 1.428571429 1.142857143 1 4.714285714 1.9
1060 1060 0 0 2  2.5 2 1 1.2 5.00 1.133333333 1 1.076923077 1 1 3.8 1.95
1061 1061 0 0 2  2 3.666666667 3 2.8 5.00 1.266666667 1 1.428571429 1 1.875 4 2.6
1063 1063 0 0 2  1 2.333333333 2 1.8 4.00 1 1 1.230769231 1 1 4 2.411764706
1064 1064 0 0 2  1 3.333333333 2 2.8 5.00 1.133333333 2 2.571428571 1 1.125 4.142857143 1.85
1065 1065 0 0 2  2 4.666666667 3 3 3.00 1.333333333 1 1.75 1 1 3.142857143 2.3
1066 1066 0 0 2  1.5 3.333333333 1 2.8 5.00 1.733333333 1 1.857142857 1 1 3.714285714 2.2
1069 1069 0 0 2  1.5 2.666666667 2 1.8 5.00 1.666666667 1 1.857142857 1 1 4.714285714 1.894736842
1074 1074 0 0 2  1 2 3 2.2 5.00 1.2 1.5 1.846153846 1 1.125 3 1.736842105
1075 1075 0 0 2  2 4.666666667 1 3.8 5.00 1.142857143 1.5 1.428571429 1.714285714 2 4.285714286 1.789473684
1076 1076 0 0 2  1 5 1 2.2 1.00 1 1 1 1 1 2.428571429 1.55
1081 1081 0 0 2  1.5 2.666666667 3 3 3.00 1.133333333 1 1.642857143 1 1.125 3.428571429 2.1
1083 1083 0 0 2  3 4 2 3.4 5.00 1.285714286 1.5 1.285714286 1 1.125 3.285714286 2.2
1085 1085 0 0 2  1 2.333333333 2 2.2 5.00 1.133333333 1.5 1.214285714 1 1 3.714285714 2.157894737
1092 1092 0 0 2  1.5 2 1 1.6 5.00 1.066666667 1 1.142857143 1 1 4.428571429 2.05
1093 1093 0 0 2  2 3.333333333 1 3.6 5.00 1.333333333 1 1.071428571 1 1.125 4.428571429 1.8
1094 1094 0 0 2  1 3.333333333 1 2.6 5.00 1.4 3 2 1 1 4.857142857 1.421052632
1099 1099 0 0 2  1.5 2 2 1.8 5.00 1.333333333 1 1.428571429 1 1 5 1.55
1106 1106 0 0 2  2.5 4 2 3.8 5.00 1.333333333 1 1.285714286 1 1.375 4.571428571 2
1112 1112 0 0 2  3 5 1 3.25 1.00 1.266666667 2 1.071428571 1 1 5 1.35
1113 1113 0 0 2  2 1.333333333 1 3.4 5.00 1.6 3 1.785714286 1 1.25 4.142857143 1.95
1117 1117 0 0 2  1 1 1 1.2 5.00 1.066666667 1 1 1 1 4.571428571 1.45
1118 1118 0 0 2  -9 -9 -9 -9 -9 -9 -9 -9 -9 -9 -9 -9
1119 1119 0 0 2  1 5 3 5 3.00 1 1 1 1 1 3.857142857 1.8
1123 1123 0 0 2  1 3 1 2.4 5.00 1.4 1 2.214285714 1 1 4.285714286 1.35
1125 1125 0 0 2  1 3.333333333 1 1.8 5.00 1.266666667 1 1.285714286 1 1 5 1.263157895
1126 1126 0 0 2  1 2.333333333 1 2 5.00 1.5 2 1.461538462 1 1 3.714285714 2
1128 1128 0 0 2  2 2.666666667 1 4.4 5.00 1.2 1 2.142857143 1 1.75 4.714285714 1.9
1131 1131 0 0 2  2 3.666666667 2 1.8 5.00 1.066666667 1 1.076923077 1 1.25 4.285714286 2
1132 1132 0 0 2  1.5 2.666666667 3 2 5.00 1.466666667 4 1.142857143 1 1 4.714285714 1.789473684
1133 1133 0 0 2  1 2.333333333 1 1 5.00 1.066666667 1 1 1 1 4.285714286 1.529411765
1134 1134 0 0 2  -9 3.666666667 2 3.75 4.00 2.642857143 3.5 1.5 1.285714286 1.857142857 3.285714286 2.55
1135 1135 0 0 2  1 3.333333333 1 2.2 5.00 1 1 1 1 1 5 1.2
1137 1137 0 0 2  4.5 5 5 5 3.00 1 1 1 1 1.25 2.714285714 2.526315789
1138 1138 0 0 2  1 3 2 2.8 5.00 1.2 1 1.928571429 1 1.375 4.285714286 2.2
1140 1140 0 0 2  2 3.333333333 1 3.4 5.00 1.133333333 2.5 1.428571429 1 1 4.428571429 1.6
1143 1143 0 0 2  1 2.666666667 1 2.4 3.00 1.066666667 1.5 1.214285714 1 1 3.5 1.95
1146 1146 0 0 2  2 3.333333333 3 3.6 3.00 1 2 2.571428571 1 1 2.857142857 2.35
1149 1149 0 0 2  2.5 4.333333333 1 2.6 5.00 1.066666667 1 2.142857143 1 1 4.571428571 1.75
1154 1154 0 0 2  1 1.666666667 1 1.4 4.00 1.2 2.5 1.142857143 1 1 4 1.75
1156 1156 0 0 2  2 3.666666667 1 4 5.00 1.4 1 1.357142857 1 1.25 4 2.35
1158 1158 0 0 2  1 3 1 1.6 2.00 1 1 1.071428571 1 1 4.714285714 1.35
1170 1170 0 0 2  1 2.666666667 1 2 4.00 1.4 2 1.142857143 1 1 3.5 1.8
1173 1173 0 0 2  2 4 1 3 5.00 1.466666667 1.5 1.142857143 1 1 4.142857143 1.8
1174 1174 0 0 2  4 4 1 3.2 4.00 1.266666667 1 1.714285714 1 1 4 1.85
1176 1176 0 0 2  1 1.333333333 1 2.8 5.00 1.571428571 2 1.923076923 1 1.714285714 4.428571429 1.5
1178 1178 0 0 2  3.5 3.666666667 4 3.6 5.00 1.866666667 1.5 1.714285714 1 1.5 4.142857143 2.75
1187 1187 0 0 2  1 1 3 2.4 5.00 1 3 1.071428571 1 1 4.142857143 2
1188 1188 0 0 2  1 3 1 3.2 4.00 1.533333333 1 1.285714286 1 1 2.857142857 2.052631579
1190 1190 0 0 2  2 4 1 1.8 4.00 1.533333333 1.5 1.142857143 1 1.25 4.285714286 1.35
1191 1191 0 0 2  2.5 1.666666667 1 4 3.00 1.066666667 2 1.071428571 1 1.25 3.857142857 1.3
1193 1193 0 0 2  3 4 1 3.2 4.00 1.666666667 1.5 1 1 1 4 1.65
1195 1195 0 0 2  2 3 1 2.2 5.00 1.8 1 2 1 1.25 4.2 1.3
1197 1197 0 0 2  1 4 1 1.8 5.00 1.2 1.5 1.230769231 1 1 5 1.95
1199 1199 0 0 2  1 2.333333333 1 2.75 5.00 1.533333333 3 1.214285714 1 1 4.285714286 1.578947368
1200 1200 0 0 2  1.5 3.333333333 2 4.2 3.00 1.666666667 3 1.285714286 1 1 4.142857143 1.8
1204 1204 0 0 2  1 1.666666667 1 1.8 5.00 1.6 1 2.071428571 1 1 4.714285714 2
1205 1205 0 0 2  2.5 2 3 2.2 3.00 1.266666667 2 1.285714286 1 1.625 3.428571429 2.263157895
1207 1207 0 0 2  1 2.333333333 2 2.8 5.00 1 1 1 1 1 4 1.45
1209 1209 0 0 2  1.5 3.333333333 1 1.8 3.00 1.866666667 2 1.5 1 1 4.142857143 1.5
1212 1212 0 0 2  3 4.666666667 -9 3.8 5.00 1.4 3.5 1.142857143 1 1.75 3.714285714 2.3125
1213 1213 0 0 2  2.5 3.333333333 1 3.4 5.00 1.133333333 1 2.357142857 1 1 4 2.05
1214 1214 0 0 2  3 4.333333333 2 2.2 5.00 1 2 1.857142857 1 1 3.857142857 1.736842105
1215 1215 0 0 2  2 4.666666667 1 4 5.00 2.4 3.5 2.571428571 1.666666667 1 4.142857143 2.105263158
1217 1217 0 0 2  1 3.666666667 1 2 5.00 1.266666667 1 2.076923077 1 1 4.571428571 1.5
1218 1218 0 0 2  3 2 2 4 5.00 1.466666667 2 1.428571429 1 1.75 3.857142857 1.6
1219 1219 0 0 2  2 3.333333333 2 4 5.00 1.466666667 3 2.071428571 1 1 3.428571429 1.9
1220 1220 0 0 2  4 4.666666667 1 2 5.00 1.466666667 1 1.428571429 1 1 4.857142857 1.55
1221 1221 0 0 2  1 1 1 1 5.00 1.066666667 1 1.153846154 1 1 5 1.5
1225 1225 0 0 2  3.5 3 2 2.2 4.00 1.133333333 -9 1.785714286 1 1 4.142857143 1.947368421
1226 1226 0 0 2  2 2.666666667 1 1.6 5.00 1.6 1 1.571428571 1 1 3.285714286 2.157894737
1227 1227 0 0 2  1 3 1 3.8 5.00 1.133333333 1.5 1.214285714 1 1 3.714285714 1.55
1228 1228 0 0 2  3 3 1 3 4.00 1.2 1 1.714285714 1.142857143 1 3.571428571 1.5
1229 1229 0 0 2  1 1.666666667 3 2.6 4.00 1.666666667 1 1.714285714 1 2 3.428571429 2.368421053
1230 1230 0 0 2  1 2.333333333 1 3 2.00 1.2 1 1.285714286 1 1 4 1.55
1231 1231 0 0 2  2.5 2.333333333 2 2.8 5.00 1.692307692 1.5 2.818181818 1 1 4 2.157894737
1233 1233 0 0 2  2 4 1 1.8 5.00 1.666666667 1.5 2.142857143 1 1 4.166666667 1.75
1234 1234 0 0 2  2 3.333333333 3 3.2 5.00 1.285714286 1 1.384615385 1.285714286 1 4.142857143 2.15
1240 1240 0 0 2  2 3.333333333 1 2 5.00 1.666666667 1 2.357142857 1 1 4.285714286 1.473684211
1241 1241 0 0 2  2 3 1 3 4.00 1.214285714 2.5 1.5 1 1 3.833333333 1.75
1242 1242 0 0 2  1 2.666666667 1 2 5.00 1.2 2 1.428571429 1 1 4.571428571 1.95
1243 1243 0 0 2  2 2.333333333 1 3 4.00 1.571428571 2.5 1 1 1 4.166666667 1.5
1244 1244 0 0 2  2 3.333333333 1 2.4 5.00 1.4 1 1.076923077 1.285714286 1.25 3.857142857 2.15
1247 1247 0 0 2  1 3 1 2.2 5.00 -9 -9 1.214285714 1 1.5 4.142857143 1.65
1249 1249 0 0 2  2 3.666666667 1 2.4 5.00 1.333333333 1 1.357142857 1 1.25 4.428571429 1.733333333
1253 1253 0 0 2  1 3.333333333 3 3.6 1.00 1.333333333 1.5 1.428571429 1 1 4.142857143 1.947368421
1258 1258 0 0 2  2 4.666666667 1 2.6 5.00 1 1 1 1 1 4 1.95
1259 1259 0 0 2  1 2.666666667 1 2.4 5.00 1.6 3 1.785714286 1 1 4.285714286 1.25
1261 1261 0 0 2  2 4 2 2.8 3.00 1.666666667 1 1.642857143 1 1.625 4.428571429 2.05
1262 1262 0 0 2  1 4 2 3 3.00 1.4 3 2.214285714 1 1 3.857142857 1.85
1263 1263 0 0 2  1 3 1 2.8 5.00 1 1.5 1 1 1 4.571428571 1.3
1264 1264 0 0 2  4 3.666666667 4 4.2 5.00 1.8 1.5 2.571428571 1.428571429 1 3.285714286 3.4
1265 1265 0 0 2  -9 3.333333333 1 2.6 5.00 1.642857143 1 1.214285714 1 1.25 3.571428571 1.5625
1269 1269 0 0 2  -9 -9 -9 -9 5.00 1.222222222 -9 1.125 -9 -9 3.714285714 2.75
1272 1272 0 0 2  2.5 4.333333333 3 3.4 5.00 2.066666667 3.5 2.642857143 1 2.375 4.571428571 2.3
1273 1273 0 0 2  2 4.333333333 2 2.4 5.00 1.066666667 3 1.583333333 1 1 4.714285714 1.8
1274 1274 0 0 2  1 4.333333333 1 2.4 5.00 1.2 1 1.285714286 1 1 3.571428571 1.75
1275 1275 0 0 2  2 4 1 3.6 4.00 1.266666667 1 1.142857143 1 1 3.571428571 1.7
1277 1277 0 0 2  1.5 3 1 1.8 4.00 1.133333333 1 1.714285714 1 1 4.571428571 1.75
1282 1282 0 0 2  2.5 4 1 2 4.00 1 1 1.071428571 1 1 4.142857143 1.4
1297 1297 0 0 2  2.5 3 2 3.4 4.00 1.066666667 1 1.642857143 1 1 4 1.9
1300 1300 0 0 2  2 3.333333333 1 3 4.00 1.8 2.5 1.642857143 1 1 4.285714286 1.7
1301 1301 0 0 2  1 3.333333333 1 2.8 5.00 1.466666667 2 2.285714286 1 1.5 4.428571429 1.85
1306 1306 0 0 2  2 3.333333333 1 2.8 5.00 1.333333333 1 1.714285714 1 1 4 2.2
1313 1313 0 0 2  1.5 3.333333333 1 2.4 3.00 2.066666667 3.5 2.214285714 1 1.125 3.857142857 2.35
1314 1314 0 0 2  1 1 1 1.6 5.00 1.266666667 1.5 1.142857143 1 1 4.285714286 1.5
1316 1316 0 0 2  2 3.333333333 2 2.2 5.00 2.571428571 4 1.285714286 1.571428571 1.571428571 4.285714286 1.6
1317 1317 0 0 2  2 4 3 3.4 4.00 2.384615385 4.5 2.384615385 1 1.375 2.857142857 2.5
1319 1319 0 0 2  4 3.666666667 1 2.2 5.00 1.266666667 2 1.571428571 1 1 4.428571429 1.85
1323 1323 0 0 2  1.5 4.666666667 3 3.8 5.00 1.066666667 1 1.142857143 1 1.5 3.571428571 1.65
1324 1324 0 0 2  4 4.333333333 4 3 5.00 1.466666667 1 1.818181818 1 1 4.2 1.65
1326 1326 0 0 2  2 2.333333333 1 2.6 5.00 1.066666667 1.5 1 1 1 4.142857143 1.45
1328 1328 0 0 2  1 2.333333333 1 3 5.00 1.2 1 1.142857143 1 1 3.571428571 1.5
1329 1329 0 0 2  1 3.666666667 1 2.4 3.00 1.333333333 1.5 1.666666667 1 1.25 3.571428571 1.95
1330 1330 0 0 2  3 3.333333333 2 3.2 4.00 1.833333333 2 2.230769231 1 1.375 3.285714286 2.85
1331 1331 0 0 2  1 2 2 3.4 4.00 1 1 1 1 1.25 4.428571429 1.5
1335 1335 0 0 2  1 1.333333333 1 1.2 2.00 1 1 1.142857143 1 1 4.714285714 1.3
1341 1341 0 0 2  2.5 3.666666667 1 1.8 5.00 1 1 1.071428571 1 1 5 1.2
1342 1342 0 0 2  2.5 3 2 4 4.00 1.166666667 1.5 1.909090909 1.142857143 1 3.428571429 2.95
1345 1345 0 0 2  3 5 5 3 1.00 1.066666667 1.5 2.571428571 1 1.625 3.285714286 2.4
1347 1347 0 0 2  2 4.333333333 1 1.4 4.00 1.266666667 1.5 1.071428571 1 1 4.571428571 1.421052632
1348 1348 0 0 2  1 3 1 1.8 5.00 1.133333333 1.5 1.214285714 1 1 4.142857143 1.75
1350 1350 0 0 2  2 4.333333333 1 1.6 4.00 1.4 3.5 1.538461538 1 1 4.857142857 1.8
1354 1354 0 0 2  4 3.333333333 2 2.8 4.00 1 1 1.357142857 1 1 4.428571429 1.7
1358 1358 0 0 2  2 3 1 2.4 5.00 1.133333333 1.5 1.142857143 1 1 4.285714286 1.65
1360 1360 0 0 2  2 3.333333333 1 3 5.00 1.466666667 1 1.857142857 1 1.75 4.857142857 1.7
1361 1361 0 0 2  1.5 2.333333333 2 2.6 4.00 1.071428571 1 1.636363636 1 1 3.285714286 1.75
1364 1364 0 0 2  1.5 3 1 2.6 4.00 1.142857143 1 1.214285714 1 1 4.428571429 1.35
1369 1369 0 0 2  1 2 2 2.6 1.00 1.533333333 4 2.142857143 1 1 3.714285714 2.277777778
1370 1370 0 0 2  3 2 1 2.4 5.00 1.076923077 1 1.692307692 1 1 4 1.85
1371 1371 0 0 2  1 3 1 1 5.00 1 1 1 1 1 5 1.263157895
1372 1372 0 0 2  4 3.666666667 3 4 4.00 2.333333333 3 2.384615385 1 1 3.428571429 2.2
1376 1376 0 0 2  1 3 1 2.8 5.00 1.066666667 2 2.071428571 1 1 4.571428571 1.4
1378 1378 0 0 2  1 1 2 1 2.00 1.153846154 1 1.076923077 1 1 5 1.2
1381 1381 0 0 2  1.5 4 1 2 5.00 1.466666667 1.5 1 1 1 4.857142857 1.35
1382 1382 0 0 2  1.5 1.666666667 1 2.6 2.00 1.6 2 1.5 1.142857143 1 3.428571429 1.65
1390 1390 0 0 2  1 2.666666667 1 2.8 5.00 1.066666667 2.5 1.071428571 1 1 4.666666667 1.55
1391 1391 0 0 2  1 3 3 2.8 4.00 1.2 2 1.571428571 1 1 3.714285714 2.05
1400 1400 0 0 2  1 3 1 2.6 4.00 1.714285714 1 1 1 1 4.166666667 1.45
1404 1404 0 0 2  2 3 1 3.4 4.00 1.333333333 3 1.214285714 1 1 4.142857143 1.95
1406 1406 0 0 2  1 3 3 3.4 5.00 1.133333333 1 2.538461538 1 1.125 3.5 2
1407 1407 0 0 2  2.5 3.666666667 3 3.4 5.00 1.4 1 1.714285714 1 1 4 2.55
1412 1412 0 0 2  1 3.666666667 1 2.6 5.00 1.066666667 2 1.285714286 1 1 4.857142857 1.55
1413 1413 0 0 2  1 2.333333333 1 1.4 5.00 1.466666667 1 1 1 -9 3.285714286 1.6
1417 1417 0 0 2  1.5 2.666666667 2 2.6 5.00 1.333333333 1 1.857142857 1 1.5 4.285714286 1.65
1423 1423 0 0 2  1 2 1 3 5.00 1 1 1 1 1.142857143 4.142857143 1.666666667
1424 1424 0 0 2  3 2.333333333 1 2.4 5.00 1.066666667 1 1 1 -9 4.857142857 1.684210526
1428 1428 0 0 2  1 -9 1 1.8 5.00 1 1 2.5 1 1 5 1.263157895
1433 1433 0 0 2  2.5 3 2 2.8 4.00 1 1 1.428571429 1 1.25 3.285714286 2.1
1435 1435 0 0 2  5 5 3 2.6 5.00 1.066666667 1 1.214285714 1 1.125 4.285714286 1.6
1444 1444 0 0 2  1 2.333333333 5 3 5.00 1.266666667 1 3.071428571 1.285714286 1 4.428571429 1.95
1445 1445 0 0 2  1.5 3.666666667 2 3.2 5.00 1.666666667 1 2.142857143 1 1 4.714285714 1.45
1446 1446 0 0 2  1.5 3.666666667 1 2.6 5.00 1 1 1.214285714 1 1 4.285714286 1.8
1447 1447 0 0 2  1 2 1 2.6 4.00 1 1 1 1 1 4.166666667 1.5
1450 1450 0 0 2  1.5 3 1 2.4 5.00 1.2 1 1.642857143 1 1.375 4.857142857 1.4
1453 1453 0 0 2  -9 3.666666667 -9 3 2.00 1.083333333 3 1.3 1 1.714285714 4.428571429 2.466666667
1454 1454 0 0 2  1 4.333333333 2 1.4 5.00 1 1 1 1 1 4 1.6
1455 1455 0 0 2  2 3.666666667 1 1.2 5.00 1 1 1.142857143 1 1 5 1.15
1457 1457 0 0 2  2 3.666666667 1 1.8 3.00 1 1 1.714285714 1 1 4 1.45
1458 1458 0 0 2  2.5 5 1 2.2 5.00 1.571428571 1 2 1 1 4 1.55
1459 1459 0 0 2  -9 2 -9 2 5.00 1 1 1 1 1.25 5 2.05
1460 1460 0 0 2  1.5 2.666666667 1 4 5.00 1.266666667 1 2.857142857 1 1.625 4.571428571 1.95
1461 1461 0 0 2  1 2.5 1 2.6 5.00 1.071428571 1 1.307692308 1 1 4.428571429 1.882352941
1462 1462 0 0 2  1 1.666666667 1 1.8 4.00 1 1 1.785714286 1 1 4 1.2
1463 1463 0 0 2  2 2 4 2.2 2.00 1.4 2 1.071428571 1.142857143 1.5 2.714285714 2.15
1464 1464 0 0 2  1.5 3 1 1.8 4.00 1.428571429 1.5 1.071428571 1 1.285714286 3.428571429 1.882352941
1465 1465 0 0 2  3.5 3.666666667 3 3.6 3.00 2.266666667 -9 1.642857143 1 2.125 3.428571429 2.1
1466 1466 0 0 2  2 3 1 2 5.00 1.133333333 1 1.071428571 1 1.125 4.285714286 1.95
1470 1470 0 0 2  3.5 3.333333333 3 2.2 5.00 1.466666667 1.5 2.285714286 1 1 4.285714286 2.5
1472 1472 0 0 2  2 2.666666667 1 1.4 5.00 1.066666667 1.5 1.214285714 1 1.125 4.142857143 1.55
1473 1473 0 0 2  1 3 2 2.2 5.00 1.214285714 2 1 1 1 4.142857143 1.3
1474 1474 0 0 2  1 4 1 2.8 5.00 1.2 1 1 1 1.125 3.857142857 1.7
1476 1476 0 0 2  3.5 4.666666667 1 3.4 5.00 1.4 3 1.428571429 1 1 3.714285714 2.210526316
1477 1477 0 0 2  1 4 1 3 5.00 1 1 2.142857143 1 1 4.857142857 1.578947368
1478 1478 0 0 2  2.5 2 1 4 3.00 1.285714286 1 2.083333333 2.142857143 2.142857143 2.714285714 2.2
1479 1479 0 0 2  2 5 1 2.6 5.00 1.133333333 1 2 1 1 4.714285714 1.7
1480 1480 0 0 2  2.5 3 1 4 4.00 1.266666667 3 1.142857143 1 1 3.857142857 1.944444444
1481 1481 0 0 2  2 4 2 2 5.00 1 1 1.071428571 1 1 4.571428571 1.6
1483 1483 0 0 2  1.5 3.333333333 2 2 4.00 1.466666667 1.5 2 1 1 4.428571429 1.8
1484 1484 0 0 2  1 2.666666667 1 2.8 5.00 1 3 1.5 1 1 4.428571429 1.842105263
1491 1491 0 0 2  1 3.333333333 3 2 5.00 1.2 3 1.714285714 1 1 4 1.75
1492 1492 0 0 2  1 4.666666667 1 3 5.00 1 1 1 1 1 5 1.25
1493 1493 0 0 2  2 4 1 3.2 4.00 1.066666667 1 1.285714286 1 1 4 1.7
1500 1500 0 0 2  2.5 3.666666667 3 4.2 4.00 1.6 2.5 1.5 1 2 3.857142857 2.95
