6 6 0 0 1  3.5 3.666666667 4 3.8 5.00 2.4 2.5 2.454545455 1.285714286 1.285714286 3 2.105263158
12 12 0 0 1  5 5 2 5 5.00 1.933333333 3 3.071428571 1.714285714 2.375 4 1.9
19 19 0 0 1  4.5 2.666666667 1 3.6 5.00 1.066666667 1 1.142857143 1 1 3.857142857 2.1
41 41 0 0 1  1 3.666666667 1 2 5.00 1.066666667 1 1.214285714 1 1 4.571428571 1.2
48 48 0 0 1  1.5 2 1 2 5.00 1.333333333 1.5 1.071428571 1 1 4.285714286 1.5
55 55 0 0 1  3.5 3.666666667 1 2.6 4.00 1 1 1 1 1.125 4.285714286 1.35
58 58 0 0 1  -9 4.5 1 -9 5.00 1 1 1 1 1 4.714285714 -9
66 66 0 0 1  1 4 2 1.8 5.00 1.466666667 1 1.857142857 1 1.125 5 1.75
67 67 0 0 1  1 4 3 1.4 5.00 1 1 1 1 1 4.714285714 1.35
68 68 0 0 1  1 2.666666667 1 1 5.00 1 1 1 1 1 5 1
69 69 0 0 1  2.5 2.5 1 3.25 5.00 1.363636364 2 1.363636364 1 1 4.428571429 1.894736842
76 76 0 0 1  2.5 3 1 3 4.00 1 2.5 1.071428571 1 1 3 2.4
87 87 0 0 1  1 3 1 3.8 5.00 1 1 1 1 1 4.714285714 1.4
97 97 0 0 1  1 3.333333333 2 2 5.00 1.333333333 2.5 2.153846154 1 1 4.333333333 2.25
102 102 0 0 1  4 5 1 3 5.00 1.357142857 1 1.571428571 1 1 4 1.55
108 108 0 0 1  -9 4 3 3.5 5.00 1.333333333 1 1.285714286 1 1.714285714 3.571428571 1.95
110 110 0 0 1  1 2.333333333 1 2 5.00 1 1 1 1 1 4.857142857 1.05
111 111 0 0 1  3 3 1 3.2 5.00 2 2 1.714285714 1 1 4.428571429 2.15
117 117 0 0 1  3 3 1 4 5.00 1.733333333 2 2.285714286 1 1 4.428571429 1.85
123 123 0 0 1  1 3.666666667 1 2 5.00 1.133333333 1 1 1 1 4.714285714 1
125 125 0 0 1  -9 5 1 2 5.00 1.142857143 1 1.076923077 1.2 -9 4.714285714 1.421052632
143 143 0 0 1  1 3.666666667 2 2.4 5.00 1.4 1 1.428571429 1.285714286 1 4.571428571 1.6
149 149 0 0 1  1 4 1 1.8 5.00 1.133333333 1 1.357142857 1.142857143 1 4.571428571 1.736842105
153 153 0 0 1  2.5 4 1 3 5.00 1.4 1 1.857142857 1 1.25 4.285714286 2
161 161 0 0 1  3 5 2 4 5.00 2.133333333 3 2.428571429 1.714285714 1.125 3.714285714 2.736842105
168 168 0 0 1  3.5 5 3 4.2 5.00 1.733333333 2 1 1 1.375 4.285714286 1.8
176 176 0 0 1  1 3 1 2 4.00 1.266666667 1 1.642857143 1 1 4.285714286 1.65
182 182 0 0 1  1 3.333333333 1 1.8 5.00 1.4 1 1.857142857 1 1 5 1.105263158
197 197 0 0 1  3.5 4.666666667 1 1.2 5.00 1 1 1.071428571 1 1.125 4.285714286 1.45
198 198 0 0 1  2 4 1 3 5.00 1.266666667 1 1.214285714 1 1.5 4.571428571 1.7
202 202 0 0 1  1 2 3 2 5.00 1.071428571 1 1.214285714 1 1 4.142857143 1.6
235 235 0 0 1  3 3 3 3.8 4.00 1.357142857 1 1.692307692 1 1.125 3.571428571 1.95
236 236 0 0 1  1 2.333333333 1 1.6 5.00 1.133333333 1 1.142857143 1 1 4 1.1
247 247 0 0 1  2 3.333333333 2 2.2 5.00 1.266666667 1 1.357142857 1.571428571 1 4.857142857 1.25
252 252 0 0 1  3.5 3 1 3 5.00 1.285714286 1 2.384615385 1.285714286 1 4.6 2.5
256 256 0 0 1  2 4 3 3 5.00 1.133333333 1 1.428571429 1 1 4.857142857 1
257 257 0 0 1  1.5 2 1 2.6 5.00 1 1 1 1 1 3.571428571 1.1
262 262 0 0 1  5 5 1 4.8 5.00 1.066666667 1 1 1 1 4.571428571 1.55
270 270 0 0 1  3 3.333333333 1 2.8 5.00 1.2 1.5 1.857142857 1 1.5 3.857142857 1.45
272 272 0 0 1  -9 3.5 2 3 5.00 1.538461538 1 2.363636364 1.166666667 1.25 4.666666667 2
274 274 0 0 1  1 2.333333333 2 3 4.00 2.384615385 1 3 1 1 3.333333333 2.052631579
278 278 0 0 1  1.5 3.666666667 1 2.2 5.00 1.266666667 1 1.285714286 1 1 4.428571429 1.45
285 285 0 0 1  1 2.666666667 2 3 5.00 1.4 1.5 1.857142857 1 1.5 4 2.3
289 289 0 0 1  2.5 2.333333333 1 3 4.00 1.2 1 1.357142857 1 1 4.285714286 1.45
294 294 0 0 1  1 5 1 2.2 5.00 1 1 1 1 1 5 1.277777778
298 298 0 0 1  3 3 1 1.8 5.00 1.266666667 1.5 1.071428571 1 1.375 4.714285714 1.25
326 326 0 0 1  1 3.333333333 1 1.2 5.00 1 1 1 1 1 4.857142857 1.35
328 328 0 0 1  3 4 4 2.6 4.00 1.066666667 1.5 1.642857143 1 1 3.428571429 2.4
331 331 0 0 1  2 2 3 3.2 5.00 1.333333333 2 1.785714286 1 1.625 4.285714286 1.5
339 339 0 0 1  2.5 3.333333333 1 2.2 5.00 1.266666667 1 1.285714286 1 1.25 4.571428571 1.55
356 356 0 0 1  1.5 2.5 2 2.8 5.00 1.066666667 1 1.428571429 1 1.5 4.714285714 2.111111111
360 360 0 0 1  1 3.666666667 1 1.6 5.00 1.133333333 1.5 1.142857143 1 1 4.571428571 1.45
363 363 0 0 1  2 4 2 3.2 4.00 1.333333333 1 1.857142857 1 1 4.428571429 1.6
364 364 0 0 1  1.5 2 1 2.4 5.00 1 1 1.142857143 1 1 4 1.842105263
368 368 0 0 1  1 4.333333333 1 3 5.00 1.285714286 1.5 1.857142857 1 1 4.714285714 2.105263158
369 369 0 0 1  3 4 2 4.6 4.00 1.266666667 1.5 1.5 1 1.75 3.714285714 2.2
375 375 0 0 1  1.5 2.666666667 1 2.6 5.00 1.6 2 1.5 1 1 4.714285714 1.55
377 377 0 0 1  1 2.666666667 1 2.8 5.00 1.4 1 1 1 1 4.714285714 1.5
389 389 0 0 1  2.5 3 4 2.6 2.00 1.333333333 2 1.357142857 1 1 3 1.65
392 392 0 0 1  5 5 1 2.2 5.00 1.066666667 1 1.285714286 1 1.25 3.714285714 1.15
397 397 0 0 1  1 3.333333333 1 1.8 5.00 1 1 1 1 1 5 1.5
405 405 0 0 1  1 3.666666667 1 2 4.00 1 1 1 1 1 4.142857143 1.45
407 407 0 0 1  3 5 1 3 5.00 1.166666667 3 1 1 1 3.833333333 2.444444444
417 417 0 0 1  -9 4 2 3.5 5.00 1.142857143 1 1.384615385 1 1.5 -9 3.157894737
429 429 0 0 1  2 4 3 2 4.00 1.066666667 1 1.714285714 1.142857143 1 3.428571429 2.1
435 435 0 0 1  1 3.666666667 1 2.2 5.00 1.2 1 1.357142857 1 1 4.571428571 1.35
438 438 0 0 1  1.5 5 1 2 5.00 1.571428571 1 1.857142857 1 1 4.571428571 1.55
439 439 0 0 1  2.5 4 1 4 4.00 1.066666667 3 1.285714286 1 1 4 1.9
449 449 0 0 1  1 3.333333333 1 2.4 5.00 1.066666667 1 1.357142857 1 1.125 4.571428571 1.473684211
453 453 0 0 1  1 3 1 2.2 5.00 1.066666667 2 1 1 1 4.857142857 1.1
460 460 0 0 1  1 2 1 2.8 5.00 1.428571429 2 1.615384615 1 1 4 1.3
468 468 0 0 1  1 3.333333333 3 3 5.00 1.538461538 1 1.615384615 1 1 3.428571429 1.705882353
475 475 0 0 1  1 4 3 4.2 5.00 1.4 1.5 2.357142857 1.428571429 2 4.142857143 1.85
480 480 0 0 1  1 4.333333333 1 4 5.00 1.533333333 1 1.714285714 1 1 3.714285714 2
493 493 0 0 1  2 2.333333333 1 1.6 5.00 1 1 1 1 1 4.285714286 1.15
505 505 0 0 1  2 2.666666667 3 3.4 5.00 1.666666667 1 1.166666667 1 1 4 2
506 506 0 0 1  2 2 1 2 5.00 1.133333333 3.5 1.357142857 1 1.857142857 4.428571429 2
517 517 0 0 1  1.5 2.333333333 1 2 5.00 1.2 1 2.071428571 1 1 4.142857143 1.5
520 520 0 0 1  -9 1.666666667 1 2.5 5.00 1 -9 1.166666667 1 1 4.714285714 1.3
528 528 0 0 1  3 4 1 2.8 5.00 1.333333333 1.5 1.642857143 1 1.5 3.571428571 1.9
533 533 0 0 1  1.5 2.333333333 4 2.6 2.00 1 1 1 1 1 3.428571429 1.65
548 548 0 0 1  3.5 4 3 3.2 5.00 1.533333333 2 1.571428571 1 2.571428571 4.285714286 1.722222222
552 552 0 0 1  3 3.666666667 3 3.4 5.00 1.933333333 3 1.214285714 1 1.125 3.285714286 2
570 570 0 0 1  -9 2.333333333 1 3.8 1.00 1 4.5 1.5 1 2 3.285714286 2
573 573 0 0 1  2 2.666666667 1 2.6 4.00 1.333333333 1 1.142857143 1 1 4.142857143 2.15
587 587 0 0 1  1 3 1 4 2.00 1 3 1.25 1.142857143 1.125 2.857142857 2.2
590 590 0 0 1  3 4 1 2.8 5.00 1.133333333 1.5 1.642857143 1 1.125 4.285714286 2.45
600 600 0 0 1  1 3.666666667 1 2.2 3.00 1 1 1.285714286 1 1 4.142857143 1.8
606 606 0 0 1  2 4.666666667 1 1.2 5.00 1.2 1 1.285714286 1 1 4.714285714 1.25
609 609 0 0 1  1 3.333333333 1 2.4 4.00 1.166666667 1.5 1.142857143 1.142857143 -9 4 1.882352941
614 614 0 0 1  3.5 5 1 3 5.00 1.666666667 2 1 1 1.25 4.142857143 1.888888889
619 619 0 0 1  2 -9 2 1.4 5.00 1.5 1 1.857142857 1 1 4.714285714 2.277777778
628 628 0 0 1  1.5 4.333333333 1 1.2 5.00 1 1 1.357142857 1 1 4.857142857 1.25
634 634 0 0 1  1 2 1 2 4.00 1.066666667 1 1.071428571 1 -9 4.142857143 1.8
643 643 0 0 1  4 5 1 3.2 2.00 1.266666667 1.5 1.285714286 1 1.75 3.142857143 2
644 644 0 0 1  1 3.5 1 3 5.00 1.461538462 2 1.307692308 1 1 4.428571429 1.555555556
652 652 0 0 1  2.5 4.666666667 2 2.4 5.00 1.333333333 1.5 1.142857143 1 1.142857143 3.428571429 2.6
653 653 0 0 1  4.5 4 1 3 5.00 1 1 2.071428571 1 1.25 4.2 1.55
654 654 0 0 1  -9 2.333333333 1 2.25 5.00 1.066666667 1 1.583333333 1 1 4.428571429 1.8
663 663 0 0 1  2 2.333333333 1 2.4 5.00 2.133333333 2.5 1.642857143 1 1 3.857142857 1.85
668 668 0 0 1  2 4 1 2.6 5.00 1.666666667 4.5 2.142857143 1 2.5 4.142857143 2.210526316
670 670 0 0 1  1 4 1 2.4 5.00 1 1 1.071428571 1 1.125 4.857142857 1.05
674 674 0 0 1  3 2 1 3.6 4.00 1.066666667 1 1 1 1 4.428571429 1.8
677 677 0 0 1  2.5 3.666666667 2 4 5.00 1.4 1 1.785714286 1 1.75 3.857142857 2.1
678 678 0 0 1  1 4 3 2.6 5.00 1.333333333 1 1.428571429 1 1.25 4.285714286 1.7
682 682 0 0 1  1.5 4 2 2 4.00 1.466666667 1.5 1.692307692 1 1 3.571428571 1.55
683 683 0 0 1  3 3.333333333 1 3.6 5.00 1.2 1.5 1.214285714 1 1 4.142857143 2.25
698 698 0 0 1  1.5 3 1 2 2.00 2.071428571 2 1.071428571 1 1 4.166666667 1.473684211
705 705 0 0 1  3 4.333333333 1 3 5.00 1.8 1 1.285714286 1 1 4.571428571 1.3
706 706 0 0 1  2.5 5 1 3.2 4.00 1.571428571 2.5 1 1 1.375 3.142857143 2.05
714 714 0 0 1  1 2.333333333 1 3.2 5.00 1 1 1.071428571 1 1 4 1.5
719 719 0 0 1  3.5 2.666666667 2 3.6 5.00 1 2 1.714285714 1 1.125 2.714285714 2.75
732 732 0 0 1  1.5 3.666666667 1 1.2 5.00 1.066666667 1 1.214285714 1 1 4.857142857 1
737 737 0 0 1  2.5 4.333333333 4 3.2 5.00 1.6 1 1.642857143 1 1 4.428571429 1.35
740 740 0 0 1  1 4 1 2 5.00 1.285714286 1 1.214285714 1 1 4.571428571 2.1
750 750 0 0 1  3 3.666666667 3 2 4.00 1.266666667 2 2.357142857 1.285714286 1.125 3.857142857 1.9
753 753 0 0 1  1 2 3 2.2 5.00 1.533333333 1 1 1 1 4.857142857 1.45
757 757 0 0 1  2.5 3.333333333 3 4.4 5.00 1.666666667 1 1.5 1 1.625 4.571428571 1.75
774 774 0 0 1  1 2.333333333 3 2.6 5.00 1.6 2 1.384615385 1 1 4.285714286 1.8
777 777 0 0 1  1 3.666666667 1 1.2 5.00 1.2 4 1.357142857 1 1.25 4 1.6
778 778 0 0 1  2 5 1 2.2 5.00 1.333333333 1 2.714285714 1 1.285714286 4.714285714 1.25
785 785 0 0 1  1 1.666666667 1 2.5 5.00 1 1 1.071428571 1 1.125 4.166666667 1.3
790 790 0 0 1  4 3.333333333 1 3 4.00 1.466666667 2 1.285714286 1 1.875 4.428571429 2
791 791 0 0 1  1.5 3.666666667 2 3.8 5.00 1 1 1.357142857 1 1 4.428571429 2.052631579
801 801 0 0 1  2.5 2.333333333 1 2.8 4.00 1.066666667 1 1.785714286 1.571428571 1 3.714285714 2
802 802 0 0 1  3 3.666666667 1 2.8 2.00 1.533333333 1 1.285714286 1 1.25 3.857142857 1.9
803 803 0 0 1  2.5 4 2 3.8 5.00 1.133333333 1 1.142857143 1 1.5 4.857142857 1.6
805 805 0 0 1  1 3.333333333 1 3.2 3.00 1.266666667 1 1.428571429 1 1 3.285714286 2
814 814 0 0 1  -9 4.333333333 1 4.6 5.00 1.066666667 1.5 1.071428571 1 1.25 4.142857143 1.5
819 819 0 0 1  1 3.666666667 1 1.8 5.00 1.4 1.5 1.285714286 1 1 4.285714286 1.65
821 821 0 0 1  3 4.666666667 4 2.6 5.00 1.2 1 1.357142857 1 1 4 2.052631579
822 822 0 0 1  2 3.333333333 1 3 5.00 1 1 1.571428571 1 1 3.714285714 1.65
824 824 0 0 1  1 2.333333333 1 2.6 5.00 1 1 1.428571429 1 1 4.857142857 1.2
827 827 0 0 1  3 4.333333333 4 3.8 5.00 1.333333333 3 2 1 1 4 2.25
834 834 0 0 1  2 3.333333333 1 2.2 4.00 1.071428571 1 1.384615385 1.571428571 1.375 4 1.55
835 835 0 0 1  1 3 1 1 5.00 1.066666667 1 1 1 1 5 1
856 856 0 0 1  1 3 1 3.2 5.00 1.533333333 1 1.285714286 1 1 4.571428571 1.35
870 870 0 0 1  2 3.666666667 1 2.4 4.00 1.6 3.5 1.785714286 1.428571429 1 4.285714286 1.7
872 872 0 0 1  2.5 2.333333333 2 4.2 5.00 1.071428571 1.5 1.461538462 1 1 4.142857143 2.684210526
878 878 0 0 1  3 3.333333333 2 3.8 5.00 1.266666667 1 2 1 1 3.714285714 1.95
879 879 0 0 1  1 4 1 1 5.00 1 1 1 1 1 4.714285714 1
882 882 0 0 1  2 4 2 3 4.00 1.133333333 1.5 1.071428571 1 1 4.142857143 1.55
883 883 0 0 1  2.5 3.666666667 1 1.8 5.00 2.066666667 2 1.642857143 1.428571429 1.625 4 1.947368421
892 892 0 0 1  3 3.333333333 2 2 2.00 1.266666667 3 1 1 1 3.285714286 1.6
893 893 0 0 1  1.5 2.666666667 1 1.8 5.00 1.8 1 1.142857143 1 1 4 1.35
901 901 0 0 1  1 4 1 2.6 5.00 1 1 1 1 1 4.285714286 1.210526316
903 903 0 0 1  1 2 2 3.4 3.00 1 1 1 1 1.125 4 1.6
905 905 0 0 1  2 3.666666667 1 3.4 5.00 1.357142857 2 2 1 1.375 4 2.2
908 908 0 0 1  1 5 1 3.8 2.00 1.333333333 1 1.428571429 1 1.25 4.571428571 2.1
912 912 0 0 1  1 3.333333333 1 1.8 5.00 1.266666667 1 1 1 1 4.571428571 1.55
916 916 0 0 1  1 2.333333333 1 1.8 5.00 1.266666667 1 1.076923077 1 1 4.714285714 1.631578947
926 926 0 0 1  1.5 3 1 1.6 2.00 1.133333333 1 1.285714286 1 1 4.714285714 1.05
951 951 0 0 1  1 2.666666667 1 3.2 5.00 1.133333333 1 1.285714286 1 1.125 4.285714286 1.95
952 952 0 0 1  2 4 2 3.4 5.00 1.066666667 1.5 1 1 1 3.857142857 1.65
955 955 0 0 1  2 3.333333333 1 2 5.00 1.333333333 1 1.357142857 1 1.125 4 1.45
965 965 0 0 1  1.5 3.333333333 1 2.2 2.00 1.266666667 1.5 1.214285714 1 1 3 1.526315789
966 966 0 0 1  1 3.333333333 2 2.4 5.00 1.133333333 1 1.214285714 1 1 3.857142857 2.666666667
970 970 0 0 1  2 3 2 3.4 2.00 1.6 1 1.428571429 1 1 2.714285714 2.4
981 981 0 0 1  1 1.666666667 1 3 5.00 1.266666667 1 1.5 1 2.125 4.857142857 1.85
984 984 0 0 1  -9 -9 1 1.5 5.00 1 1 1.076923077 1 1.285714286 4.142857143 1.533333333
997 997 0 0 1  2.5 4 1 2.8 5.00 1.4 1.5 1.642857143 1 1 3.857142857 2.2
1004 1004 0 0 1  1 3 2 2.4 4.00 1 1 1 1 1 4.571428571 1.75
1020 1020 0 0 1  1 1.666666667 2 3.4 5.00 1 1 1.285714286 1.285714286 1 5 1.631578947
1021 1021 0 0 1  1.5 4.333333333 2 2 5.00 1.133333333 4 1.5 1 1.625 4.285714286 1.8
1033 1033 0 0 1  1 2.333333333 1 3 2.00 1 1 1.142857143 1 1 4.142857143 1.5
1037 1037 0 0 1  1.5 3 3 3.4 5.00 2.266666667 2 2 1.142857143 2.125 3.857142857 2.1
1045 1045 0 0 1  1 2 1 2 5.00 1 1 1.857142857 1 1 4 1.6
1062 1062 0 0 1  1.5 3.333333333 2 3 5.00 1.8 1.5 2.142857143 1 1.25 3.714285714 2.2
1089 1089 0 0 1  1.5 2 1 2.6 5.00 1.2 3 1.142857143 1 1 4.428571429 1.1
1096 1096 0 0 1  2.5 3.666666667 4 3.2 5.00 1.266666667 2.5 1.357142857 1 1.5 3.857142857 1.75
1101 1101 0 0 1  -9 3.5 3 3.8 5.00 1.538461538 2 1.416666667 1.166666667 1.666666667 3.285714286 2.352941176
1103 1103 0 0 1  3.5 4.666666667 1 3.4 5.00 1.066666667 1 1.142857143 1 1 4 2.75
1129 1129 0 0 1  1 2.666666667 1 2.5 5.00 1 1 1 1 1 4.285714286 1.631578947
1136 1136 0 0 1  2.5 2.666666667 1 2.6 5.00 1 1 1.214285714 1 1 4.142857143 1.4
1141 1141 0 0 1  2.5 2.666666667 1 3.4 4.00 1.357142857 4.5 1.571428571 1 1.25 3.428571429 2.1
1142 1142 0 0 1  1 3.666666667 1 1.6 5.00 1 1 1 1 1 4.857142857 1.105263158
1150 1150 0 0 1  1 3.333333333 2 3.8 5.00 1.133333333 1 1.357142857 1 1 4 1.9
1152 1152 0 0 1  1 2.666666667 1 3 5.00 1.266666667 1 1.5 1 1 4 1.15
1162 1162 0 0 1  -9 5 1 4.6 5.00 1.133333333 1 1.285714286 1.285714286 1 3.571428571 2
1177 1177 0 0 1  1.5 2.333333333 1 2.4 5.00 1.8 1 1.785714286 1 1 3.428571429 2.05
1180 1180 0 0 1  1 5 1 1.5 5.00 1 1 1.307692308 1 1.285714286 5 1.210526316
1182 1182 0 0 1  1 4.333333333 2 3.8 5.00 -9 -9 1.142857143 1 -9 4.428571429 1.95
1184 1184 0 0 1  1 1.333333333 1 3 1.00 1.133333333 1 1.285714286 1 1 3.833333333 1.3
1192 1192 0 0 1  1 2.666666667 2 2 4.00 1.133333333 1 1.285714286 1.142857143 1.5 3 1.722222222
1196 1196 0 0 1  1 2.333333333 1 2.2 4.00 1.714285714 2 1.785714286 1 1 4.142857143 1.7
1222 1222 0 0 1  3 3.666666667 1 3.2 5.00 1.4 1 1.357142857 1 1 4.428571429 1.842105263
1232 1232 0 0 1  1 4.666666667 1 1.8 5.00 1.066666667 1 1.285714286 1 1.125 4.857142857 1.4
1238 1238 0 0 1  1 3 2 2.6 5.00 1 1 1 1 1 3.571428571 1.8
1250 1250 0 0 1  1.5 4 1 3.6 5.00 1.2 1 1.142857143 1 1 3.428571429 1.888888889
1256 1256 0 0 1  1 2.666666667 3 4 4.00 1 1 1.461538462 1 1.5 4 1.55
1257 1257 0 0 1  1 3 1 2 5.00 1.066666667 1 1.071428571 1.142857143 1.375 4.857142857 1.4
1268 1268 0 0 1  1 3.666666667 2 2 4.00 1.266666667 1.5 1.785714286 1 1 3.857142857 1.8
1271 1271 0 0 1  3 3 2 2 5.00 1.133333333 2 1.571428571 1 1 4.714285714 1.85
1281 1281 0 0 1  3.5 4.666666667 2 3.8 5.00 1.8 3 1.714285714 1 1 4.428571429 1.65
1284 1284 0 0 1  1 3 3 3.6 5.00 1.142857143 1 1.357142857 1 1.25 4.142857143 2.4
1298 1298 0 0 1  1 3.333333333 1 2.25 5.00 1.333333333 1 1.846153846 1 1.125 3.285714286 1.9
1318 1318 0 0 1  1 4.333333333 2 2.6 4.00 1.133333333 1 2.142857143 1 1 2.857142857 2.052631579
1333 1333 0 0 1  1.5 -9 1 2.2 5.00 1.2 1.5 1.142857143 1 1 4.666666667 2
1334 1334 0 0 1  3 5 1 3.8 5.00 1.133333333 1.5 1.692307692 1 1 4.142857143 2.2
1336 1336 0 0 1  1 3.666666667 1 2.4 4.00 1.466666667 3 1.214285714 1 1 3.714285714 1.2
1337 1337 0 0 1  1 -9 2 2.2 2.00 1 1 1.071428571 1 1 3 1.4
1340 1340 0 0 1  1 4.333333333 1 3 5.00 1 1 1 1 1 4.571428571 1.25
1356 1356 0 0 1  2 4.333333333 1 1.8 3.00 1 1 1.285714286 1 1 3.428571429 1.65
1374 1374 0 0 1  1 2 1 1.8 4.00 1.266666667 1 1.142857143 1 1 3.285714286 2.65
1386 1386 0 0 1  1.5 3.666666667 1 3 5.00 2.071428571 3 2.076923077 1.857142857 1 4.142857143 1.35
1387 1387 0 0 1  2 4.333333333 1 2 5.00 1 1 1.357142857 1 1 4.714285714 1.45
1388 1388 0 0 1  1 3 1 2.8 5.00 1 1 1.071428571 1 1 4.571428571 1.684210526
1397 1397 0 0 1  2 2 1 1.75 5.00 1 1.5 1.3 1 1.25 3.857142857 1.263157895
1421 1421 0 0 1  -9 -9 1 -9 5.00 1 -9 1.153846154 1 1 4.428571429 1.3
1430 1430 0 0 1  2 3.666666667 2 2.4 5.00 1.2 1 2.071428571 1 1 4 1.95
1431 1431 0 0 1  2.5 3.666666667 1 2.6 4.00 1.133333333 1 1.285714286 1 1 3 1.75
1438 1438 0 0 1  3 4 2 3 5.00 2.533333333 1 2.214285714 1 1.125 4.714285714 1.45
1440 1440 0 0 1  2 2.666666667 1 3.2 4.00 1.333333333 2 1 1 1 3.428571429 1.4
1448 1448 0 0 1  2 3.333333333 1 3.8 5.00 1.066666667 1.5 1.142857143 1 1 4.142857143 1.55
1449 1449 0 0 1  1 1.666666667 1 1.2 5.00 1 1 1 1 1 5 1.25
1456 1456 0 0 1  1 3.666666667 1 2.4 5.00 1.333333333 1 2.357142857 1 1 3.571428571 1.8
